object_id,timestep,labelimage_oid,User Label,Predicted Class,Probability of Plaques,Probability of not plaques,Center of the object_0,Center of the object_1,Size in pixels,Bounding Box Minimum_0,Bounding Box Minimum_1,Bounding Box Maximum_0,Bounding Box Maximum_1
0,0,1,0,Plaques,1.0,0.0,1561.4,168.8,5.0,1561.0,168.0,1563.0,171.0
1,0,2,0,Plaques,1.0,0.0,1594.5,179.5,4.0,1594.0,179.0,1596.0,181.0
2,0,3,0,Plaques,1.0,0.0,1542.2727,183.22728,22.0,1539.0,181.0,1548.0,186.0
3,0,4,0,Plaques,1.0,0.0,1584.5,181.5,4.0,1584.0,181.0,1586.0,183.0
4,0,5,0,Plaques,1.0,0.0,1616.3334,182.33333,3.0,1616.0,182.0,1618.0,184.0
5,0,6,0,Plaques,1.0,0.0,1634.8889,185.38889,18.0,1633.0,183.0,1639.0,189.0
6,0,7,0,Plaques,1.0,0.0,1575.5,184.5,4.0,1575.0,184.0,1577.0,186.0
7,0,8,0,Plaques,1.0,0.0,1526.5186,190.07408,27.0,1524.0,188.0,1530.0,194.0
8,0,9,0,Plaques,1.0,0.0,1532.2,188.4,5.0,1531.0,188.0,1534.0,190.0
9,0,10,0,Plaques,1.0,0.0,1404.5,194.5,4.0,1404.0,194.0,1406.0,196.0
10,0,11,0,Plaques,1.0,0.0,1618.5,196.5,4.0,1618.0,196.0,1620.0,198.0
11,0,12,0,Plaques,1.0,0.0,1412.6666,197.33333,3.0,1412.0,197.0,1414.0,199.0
12,0,13,0,Plaques,1.0,0.0,1661.0,198.71428,7.0,1660.0,198.0,1663.0,201.0
13,0,14,0,Plaques,1.0,0.0,1380.0,200.0,9.0,1379.0,199.0,1382.0,202.0
14,0,15,0,Plaques,1.0,0.0,1404.1666,200.83333,6.0,1403.0,200.0,1406.0,203.0
15,0,16,0,Plaques,1.0,0.0,1666.0,200.5,6.0,1665.0,200.0,1668.0,202.0
16,0,17,0,Plaques,1.0,0.0,1600.3334,202.11111,9.0,1599.0,201.0,1603.0,204.0
17,0,18,0,Plaques,1.0,0.0,1641.8334,201.83333,6.0,1641.0,201.0,1644.0,204.0
18,0,19,0,Plaques,1.0,0.0,1575.1111,203.66667,9.0,1574.0,202.0,1577.0,206.0
19,0,20,0,Plaques,1.0,0.0,1625.5,202.5,4.0,1625.0,202.0,1627.0,204.0
20,0,21,0,Plaques,1.0,0.0,1518.0,204.2,10.0,1517.0,203.0,1520.0,207.0
21,0,22,0,Plaques,1.0,0.0,1562.8,204.2,15.0,1560.0,203.0,1566.0,206.0
22,0,23,0,Plaques,1.0,0.0,1617.5,204.5,4.0,1617.0,204.0,1619.0,206.0
23,0,24,0,Plaques,1.0,0.0,1571.3636,208.09091,11.0,1570.0,207.0,1574.0,210.0
24,0,25,0,Plaques,1.0,0.0,1655.0769,208.38461,13.0,1653.0,207.0,1658.0,211.0
25,0,26,0,Plaques,1.0,0.0,1425.5,208.5,4.0,1425.0,208.0,1427.0,210.0
26,0,27,0,Plaques,1.0,0.0,1612.3334,209.66667,3.0,1612.0,209.0,1614.0,211.0
27,0,28,0,Plaques,1.0,0.0,1392.0834,211.33333,12.0,1391.0,210.0,1395.0,214.0
28,0,29,0,Plaques,1.0,0.0,1505.0,210.5,6.0,1504.0,210.0,1507.0,212.0
29,0,30,0,Plaques,1.0,0.0,1383.6666,213.33333,12.0,1382.0,212.0,1386.0,216.0
30,0,31,0,Plaques,1.0,0.0,1516.3334,212.66667,3.0,1516.0,212.0,1518.0,214.0
31,0,32,0,Plaques,1.0,0.0,1640.9375,213.5625,16.0,1639.0,212.0,1644.0,216.0
32,0,33,0,Plaques,1.0,0.0,1494.0,218.25,4.0,1493.0,218.0,1496.0,220.0
33,0,34,0,Plaques,1.0,0.0,1496.7471,224.72414,87.0,1487.0,219.0,1506.0,231.0
34,0,35,0,Plaques,1.0,0.0,1646.0,220.0,9.0,1645.0,219.0,1648.0,222.0
35,0,36,0,Plaques,1.0,0.0,1656.5,220.0,6.0,1656.0,219.0,1658.0,222.0
36,0,37,0,Plaques,1.0,0.0,872.7692,223.53847,13.0,872.0,221.0,875.0,227.0
37,0,38,0,Plaques,1.0,0.0,1517.4,224.2,5.0,1517.0,223.0,1519.0,226.0
38,0,39,0,Plaques,1.0,0.0,668.0,225.28572,7.0,667.0,224.0,670.0,227.0
39,0,40,0,Plaques,1.0,0.0,622.5,225.5,4.0,622.0,225.0,624.0,227.0
40,0,41,0,Plaques,1.0,0.0,1510.75,226.33333,12.0,1509.0,225.0,1513.0,229.0
41,0,42,0,Plaques,1.0,0.0,661.63635,226.90909,11.0,660.0,226.0,664.0,229.0
42,0,43,0,Plaques,1.0,0.0,674.0,227.28572,7.0,673.0,226.0,676.0,229.0
43,0,44,0,Plaques,1.0,0.0,1537.3334,226.33333,3.0,1537.0,226.0,1539.0,228.0
44,0,45,0,Plaques,1.0,0.0,1652.091,228.09091,22.0,1650.0,226.0,1655.0,231.0
45,0,46,0,Plaques,1.0,0.0,1670.5,226.5,4.0,1670.0,226.0,1672.0,228.0
46,0,47,0,Plaques,1.0,0.0,685.875,228.125,8.0,685.0,227.0,688.0,230.0
47,0,48,0,Plaques,1.0,0.0,1402.6154,228.84616,13.0,1401.0,227.0,1405.0,232.0
48,0,49,0,Plaques,1.0,0.0,1514.2858,228.0,7.0,1513.0,227.0,1516.0,230.0
49,0,50,0,Plaques,1.0,0.0,1658.8,227.6,5.0,1658.0,227.0,1661.0,229.0
50,0,51,0,Plaques,1.0,0.0,869.6,229.2,5.0,869.0,228.0,871.0,231.0
51,0,52,0,Plaques,1.0,0.0,1488.8,228.4,5.0,1488.0,228.0,1491.0,230.0
52,0,53,0,Plaques,1.0,0.0,638.5,229.5,4.0,638.0,229.0,640.0,231.0
53,0,54,0,Plaques,1.0,0.0,657.4,230.4,15.0,656.0,229.0,660.0,233.0
54,0,55,0,Plaques,1.0,0.0,692.0,230.33333,18.0,690.0,229.0,695.0,233.0
55,0,56,0,Plaques,1.0,0.0,634.3913,233.08696,23.0,632.0,231.0,638.0,236.0
56,0,57,0,Plaques,1.0,0.0,643.5,231.5,4.0,643.0,231.0,645.0,233.0
57,0,58,0,Plaques,1.0,0.0,698.8889,232.66667,9.0,698.0,231.0,701.0,235.0
58,0,59,0,Plaques,1.0,0.0,1360.5,232.0,6.0,1360.0,231.0,1362.0,234.0
59,0,60,0,Plaques,1.0,0.0,1395.0,232.0,5.0,1394.0,231.0,1397.0,234.0
60,0,61,0,Plaques,1.0,0.0,1530.5,231.5,4.0,1530.0,231.0,1532.0,233.0
61,0,62,0,Plaques,1.0,0.0,669.5,233.5,12.0,668.0,232.0,672.0,236.0
62,0,63,0,Plaques,1.0,0.0,678.3913,233.65218,23.0,676.0,232.0,682.0,237.0
63,0,64,0,Plaques,1.0,0.0,1352.909,233.90909,11.0,1352.0,232.0,1355.0,237.0
64,0,65,0,Plaques,1.0,0.0,864.5,234.0,6.0,864.0,233.0,866.0,236.0
65,0,66,0,Plaques,1.0,0.0,881.0,234.5,6.0,880.0,234.0,883.0,236.0
66,0,67,0,Plaques,1.0,0.0,1364.0,234.25,4.0,1363.0,234.0,1366.0,236.0
67,0,68,0,Plaques,1.0,0.0,650.5,236.0,6.0,650.0,235.0,652.0,238.0
68,0,69,0,Plaques,1.0,0.0,698.5769,240.5,26.0,697.0,236.0,701.0,246.0
69,0,70,0,Plaques,1.0,0.0,867.5833,237.25,12.0,866.0,236.0,870.0,240.0
70,0,71,0,Plaques,1.0,0.0,1526.6666,236.33333,3.0,1526.0,236.0,1528.0,238.0
71,0,72,0,Plaques,1.0,0.0,625.8,237.4,5.0,625.0,237.0,628.0,239.0
72,0,73,0,Plaques,1.0,0.0,659.7273,239.5,22.0,658.0,237.0,663.0,243.0
73,0,74,0,Plaques,1.0,0.0,672.17145,241.54286,35.0,669.0,237.0,676.0,247.0
74,0,75,0,Plaques,1.0,0.0,875.0,241.24,25.0,873.0,238.0,878.0,245.0
75,0,76,0,Plaques,1.0,0.0,1482.5,238.5,4.0,1482.0,238.0,1484.0,240.0
76,0,77,0,Plaques,1.0,0.0,677.5,240.5,4.0,677.0,240.0,679.0,242.0
77,0,78,0,Plaques,1.0,0.0,1522.0,240.71428,7.0,1521.0,240.0,1524.0,243.0
78,0,79,0,Plaques,1.0,0.0,861.0196,244.49019,51.0,856.0,241.0,867.0,250.0
79,0,80,0,Plaques,1.0,0.0,1483.75,242.0,4.0,1483.0,241.0,1485.0,244.0
80,0,81,0,Plaques,1.0,0.0,1400.2858,243.0,7.0,1399.0,242.0,1402.0,245.0
81,0,82,0,Plaques,1.0,0.0,1406.75,243.0,4.0,1406.0,242.0,1408.0,245.0
82,0,83,0,Plaques,1.0,0.0,1470.0,242.5,6.0,1469.0,242.0,1472.0,244.0
83,0,84,0,Plaques,1.0,0.0,1495.2,243.0,10.0,1494.0,242.0,1498.0,245.0
84,0,85,0,Plaques,1.0,0.0,694.5,244.5,4.0,694.0,244.0,696.0,246.0
85,0,86,0,Plaques,1.0,0.0,702.6875,251.375,32.0,701.0,245.0,706.0,257.0
86,0,87,0,Plaques,1.0,0.0,708.5,246.125,8.0,707.0,245.0,711.0,248.0
87,0,88,0,Plaques,1.0,0.0,887.4286,246.71428,7.0,887.0,245.0,889.0,249.0
88,0,89,0,Plaques,1.0,0.0,1351.5,246.0,6.0,1351.0,245.0,1353.0,248.0
89,0,90,0,Plaques,1.0,0.0,642.0,247.5,10.0,641.0,246.0,644.0,250.0
90,0,91,0,Plaques,1.0,0.0,653.0,247.28572,7.0,652.0,246.0,655.0,249.0
91,0,92,0,Plaques,1.0,0.0,850.6,246.8,5.0,850.0,246.0,852.0,249.0
92,0,93,0,Plaques,1.0,0.0,876.0,248.0,21.0,874.0,246.0,879.0,251.0
93,0,94,0,Plaques,1.0,0.0,697.2308,249.61539,13.0,696.0,247.0,699.0,253.0
94,0,95,0,Plaques,1.0,0.0,870.6667,247.33333,3.0,870.0,247.0,872.0,249.0
95,0,96,0,Plaques,1.0,0.0,612.5,250.5,6.0,612.0,249.0,614.0,253.0
96,0,97,0,Plaques,1.0,0.0,862.875,249.875,8.0,862.0,249.0,865.0,252.0
97,0,98,0,Plaques,1.0,0.0,892.0,250.0,9.0,891.0,249.0,894.0,252.0
98,0,99,0,Plaques,1.0,0.0,915.1071,252.03572,28.0,911.0,249.0,919.0,257.0
99,0,100,0,Plaques,1.0,0.0,1669.75,249.75,8.0,1668.0,249.0,1672.0,252.0
100,0,101,0,Plaques,1.0,0.0,937.5789,252.3158,19.0,936.0,250.0,941.0,256.0
101,0,102,0,Plaques,1.0,0.0,670.36365,252.54546,11.0,669.0,251.0,673.0,255.0
102,0,103,0,Plaques,1.0,0.0,883.5,251.5,8.0,882.0,251.0,886.0,253.0
103,0,104,0,Plaques,1.0,0.0,1344.909,252.36363,11.0,1344.0,251.0,1347.0,255.0
104,0,105,0,Plaques,1.0,0.0,649.3125,254.625,16.0,647.0,252.0,652.0,258.0
105,0,106,0,Plaques,1.0,0.0,871.0909,252.63637,11.0,869.0,252.0,874.0,255.0
106,0,107,0,Plaques,1.0,0.0,896.1053,253.42105,19.0,894.0,252.0,899.0,256.0
107,0,108,0,Plaques,1.0,0.0,927.0,262.35443,79.0,921.0,253.0,933.0,271.0
108,0,109,0,Plaques,1.0,0.0,685.3,256.1,10.0,684.0,254.0,687.0,259.0
109,0,110,0,Plaques,1.0,0.0,881.3077,256.15384,13.0,880.0,254.0,884.0,259.0
110,0,111,0,Plaques,1.0,0.0,1483.0,255.28572,7.0,1482.0,254.0,1485.0,257.0
111,0,112,0,Plaques,1.0,0.0,904.23975,264.0411,146.0,892.0,255.0,918.0,273.0
112,0,113,0,Plaques,1.0,0.0,623.7143,257.0,7.0,623.0,256.0,626.0,259.0
113,0,114,0,Plaques,1.0,0.0,691.0714,258.2143,14.0,690.0,256.0,693.0,262.0
114,0,115,0,Plaques,1.0,0.0,837.4,258.06668,15.0,836.0,256.0,840.0,261.0
115,0,116,0,Plaques,1.0,0.0,943.0,257.0,13.0,941.0,256.0,946.0,259.0
116,0,117,0,Plaques,1.0,0.0,853.7273,258.63635,11.0,852.0,257.0,856.0,262.0
117,0,118,0,Plaques,1.0,0.0,920.4762,258.66666,21.0,918.0,257.0,925.0,262.0
118,0,119,0,Plaques,1.0,0.0,876.5,258.5,4.0,876.0,258.0,878.0,260.0
119,0,120,0,Plaques,1.0,0.0,954.875,258.875,8.0,954.0,258.0,957.0,261.0
120,0,121,0,Plaques,1.0,0.0,1688.0,259.0,9.0,1687.0,258.0,1690.0,261.0
121,0,122,0,Plaques,1.0,0.0,860.8333,263.13333,30.0,859.0,259.0,864.0,268.0
122,0,123,0,Plaques,1.0,0.0,633.5357,264.14285,28.0,632.0,260.0,637.0,269.0
123,0,124,0,Plaques,1.0,0.0,983.0,260.25,4.0,982.0,260.0,985.0,262.0
124,0,125,0,Plaques,1.0,0.0,1338.7142,260.85715,7.0,1338.0,260.0,1341.0,263.0
125,0,126,0,Plaques,1.0,0.0,674.8333,261.83334,6.0,674.0,261.0,677.0,264.0
126,0,127,0,Plaques,1.0,0.0,708.5,261.5,4.0,708.0,261.0,710.0,263.0
127,0,128,0,Plaques,1.0,0.0,878.5,263.0,8.0,877.0,262.0,881.0,265.0
128,0,129,0,Plaques,1.0,0.0,887.55554,269.375,72.0,883.0,262.0,894.0,277.0
129,0,130,0,Plaques,1.0,0.0,696.5,263.5,4.0,696.0,263.0,698.0,265.0
130,0,131,0,Plaques,1.0,0.0,950.67487,278.7914,163.0,942.0,263.0,963.0,298.0
131,0,132,0,Plaques,1.0,0.0,960.3333,264.33334,12.0,959.0,263.0,963.0,267.0
132,0,133,0,Plaques,1.0,0.0,1476.3334,263.33334,3.0,1476.0,263.0,1478.0,265.0
133,0,134,0,Plaques,1.0,0.0,623.1053,266.05264,19.0,621.0,264.0,627.0,269.0
134,0,135,0,Plaques,1.0,0.0,688.6,264.8,5.0,688.0,264.0,690.0,267.0
135,0,136,0,Plaques,1.0,0.0,842.4737,266.92105,38.0,837.0,264.0,849.0,271.0
136,0,137,0,Plaques,1.0,0.0,932.68964,268.51724,29.0,930.0,264.0,936.0,273.0
137,0,138,0,Plaques,1.0,0.0,1574.091,265.63635,11.0,1573.0,264.0,1576.0,268.0
138,0,139,0,Plaques,1.0,0.0,702.3333,265.33334,3.0,702.0,265.0,704.0,267.0
139,0,140,0,Plaques,1.0,0.0,947.375,267.1875,32.0,943.0,265.0,952.0,271.0
140,0,141,0,Plaques,1.0,0.0,939.0,267.0,7.0,938.0,266.0,941.0,269.0
141,0,142,0,Plaques,1.0,0.0,658.5,267.5,4.0,658.0,267.0,660.0,269.0
142,0,143,0,Plaques,1.0,0.0,828.44446,271.85184,27.0,825.0,267.0,832.0,276.0
143,0,144,0,Plaques,1.0,0.0,871.375,269.375,8.0,870.0,267.0,873.0,272.0
144,0,145,0,Plaques,1.0,0.0,877.5,268.0,6.0,877.0,267.0,879.0,270.0
145,0,146,0,Plaques,1.0,0.0,903.9322,274.91525,118.0,894.0,267.0,914.0,282.0
146,0,147,0,Plaques,1.0,0.0,1469.6666,267.33334,3.0,1469.0,267.0,1471.0,269.0
147,0,148,0,Plaques,1.0,0.0,825.6667,268.33334,3.0,825.0,268.0,827.0,270.0
148,0,149,0,Plaques,1.0,0.0,611.63635,269.9091,11.0,610.0,269.0,614.0,272.0
149,0,150,0,Plaques,1.0,0.0,639.8,270.66666,15.0,638.0,269.0,643.0,273.0
150,0,151,0,Plaques,1.0,0.0,971.875,270.125,8.0,971.0,269.0,974.0,272.0
151,0,152,0,Plaques,1.0,0.0,978.5263,271.4737,19.0,975.0,269.0,983.0,274.0
152,0,153,0,Plaques,1.0,0.0,1597.5,269.5,4.0,1597.0,269.0,1599.0,271.0
153,0,154,0,Plaques,1.0,0.0,619.7143,271.0,7.0,619.0,270.0,622.0,273.0
154,0,155,0,Plaques,1.0,0.0,696.1111,272.33334,9.0,695.0,271.0,698.0,275.0
155,0,156,0,Plaques,1.0,0.0,927.05,274.4,20.0,925.0,271.0,929.0,279.0
156,0,157,0,Plaques,1.0,0.0,531.44446,273.33334,9.0,530.0,272.0,534.0,275.0
157,0,158,0,Plaques,1.0,0.0,710.44446,272.66666,9.0,709.0,272.0,713.0,275.0
158,0,159,0,Plaques,1.0,0.0,854.2857,273.14285,14.0,852.0,272.0,857.0,276.0
159,0,160,0,Plaques,1.0,0.0,881.5,272.5,4.0,881.0,272.0,883.0,274.0
160,0,161,0,Plaques,1.0,0.0,936.7143,273.0,7.0,936.0,272.0,939.0,275.0
161,0,162,0,Plaques,1.0,0.0,609.7143,274.0,7.0,609.0,273.0,612.0,276.0
162,0,163,0,Plaques,1.0,0.0,691.6,274.2,5.0,691.0,273.0,693.0,276.0
163,0,164,0,Plaques,1.0,0.0,862.6,274.8,5.0,862.0,274.0,864.0,277.0
164,0,165,0,Plaques,1.0,0.0,877.0858,287.0,268.0,863.0,274.0,900.0,301.0
165,0,166,0,Plaques,1.0,0.0,916.2143,276.2857,28.0,913.0,274.0,920.0,280.0
166,0,167,0,Plaques,1.0,0.0,1605.0,274.7143,7.0,1604.0,274.0,1607.0,277.0
167,0,168,0,Plaques,1.0,0.0,835.8889,276.66666,9.0,835.0,275.0,838.0,279.0
168,0,169,0,Plaques,1.0,0.0,845.5,275.5,4.0,845.0,275.0,847.0,277.0
169,0,170,0,Plaques,1.0,0.0,1457.5,275.5,4.0,1457.0,275.0,1459.0,277.0
170,0,171,0,Plaques,1.0,0.0,999.2,276.6,5.0,998.0,276.0,1001.0,278.0
171,0,172,0,Plaques,1.0,0.0,1465.8,277.0,10.0,1464.0,276.0,1468.0,279.0
172,0,173,0,Plaques,1.0,0.0,519.8333,277.83334,6.0,519.0,277.0,522.0,280.0
173,0,174,0,Plaques,1.0,0.0,616.5,277.5,4.0,616.0,277.0,618.0,279.0
174,0,175,0,Plaques,1.0,0.0,635.0,277.7143,7.0,634.0,277.0,637.0,280.0
175,0,176,0,Plaques,1.0,0.0,822.3939,280.30304,33.0,819.0,277.0,826.0,285.0
176,0,177,0,Plaques,1.0,0.0,1599.0,277.7143,7.0,1598.0,277.0,1601.0,280.0
177,0,178,0,Plaques,1.0,0.0,851.0,279.0,9.0,850.0,278.0,853.0,281.0
178,0,179,0,Plaques,1.0,0.0,1559.5,278.5,4.0,1559.0,278.0,1561.0,280.0
179,0,180,0,Plaques,1.0,0.0,534.61536,281.96155,26.0,532.0,279.0,538.0,285.0
180,0,181,0,Plaques,1.0,0.0,840.6667,280.83334,12.0,839.0,279.0,844.0,284.0
181,0,182,0,Plaques,1.0,0.0,1495.5,279.875,8.0,1494.0,279.0,1498.0,282.0
182,0,183,0,Plaques,1.0,0.0,1791.0,279.5,6.0,1790.0,279.0,1793.0,281.0
183,0,184,0,Plaques,1.0,0.0,904.65515,283.93103,29.0,901.0,280.0,910.0,289.0
184,0,185,0,Plaques,1.0,0.0,958.8,281.0,10.0,957.0,280.0,961.0,283.0
185,0,186,0,Plaques,1.0,0.0,977.6667,280.66666,3.0,977.0,280.0,979.0,282.0
186,0,187,0,Plaques,1.0,0.0,1590.4706,281.82352,17.0,1588.0,280.0,1594.0,285.0
187,0,188,0,Plaques,1.0,0.0,811.3333,282.55554,9.0,810.0,281.0,813.0,285.0
188,0,189,0,Plaques,1.0,0.0,815.5,281.5,4.0,815.0,281.0,817.0,283.0
189,0,190,0,Plaques,1.0,0.0,858.96,283.56,25.0,856.0,281.0,862.0,288.0
190,0,191,0,Plaques,1.0,0.0,889.16925,284.76923,65.0,883.0,281.0,897.0,291.0
191,0,192,0,Plaques,1.0,0.0,929.7755,287.0408,49.0,925.0,281.0,936.0,292.0
192,0,193,0,Plaques,1.0,0.0,941.7143,281.85715,7.0,941.0,281.0,944.0,284.0
193,0,194,0,Plaques,1.0,0.0,519.85,283.9,20.0,518.0,282.0,523.0,287.0
194,0,195,0,Plaques,1.0,0.0,643.6667,282.66666,3.0,643.0,282.0,645.0,284.0
195,0,196,0,Plaques,1.0,0.0,845.5185,284.5926,27.0,842.0,282.0,850.0,289.0
196,0,197,0,Plaques,1.0,0.0,920.8889,282.77777,9.0,919.0,282.0,923.0,285.0
197,0,198,0,Plaques,1.0,0.0,528.2,284.0,10.0,527.0,283.0,531.0,286.0
198,0,199,0,Plaques,1.0,0.0,622.5,284.0,10.0,621.0,283.0,625.0,286.0
199,0,200,0,Plaques,1.0,0.0,713.5,283.5,4.0,713.0,283.0,715.0,285.0
200,0,201,0,Plaques,1.0,0.0,829.3571,284.7857,14.0,827.0,283.0,832.0,287.0
201,0,202,0,Plaques,1.0,0.0,1315.5,285.2,10.0,1314.0,284.0,1318.0,287.0
202,0,203,0,Plaques,1.0,0.0,1790.1666,285.08334,12.0,1788.0,284.0,1793.0,287.0
203,0,204,0,Plaques,1.0,0.0,811.6,287.14285,35.0,806.0,285.0,818.0,290.0
204,0,205,0,Plaques,1.0,0.0,910.5,285.5,4.0,910.0,285.0,912.0,287.0
205,0,206,0,Plaques,1.0,0.0,1336.2,287.5,10.0,1335.0,285.0,1338.0,291.0
206,0,207,0,Plaques,1.0,0.0,538.9048,287.2857,21.0,536.0,286.0,544.0,290.0
207,0,208,0,Plaques,1.0,0.0,636.0,287.0,9.0,635.0,286.0,638.0,289.0
208,0,209,0,Plaques,1.0,0.0,649.2857,287.0,7.0,648.0,286.0,651.0,289.0
209,0,210,0,Plaques,1.0,0.0,837.3333,286.33334,3.0,837.0,286.0,839.0,288.0
210,0,211,0,Plaques,1.0,0.0,850.5,287.0,6.0,850.0,286.0,852.0,289.0
211,0,212,0,Plaques,1.0,0.0,855.0,287.0,7.0,854.0,286.0,857.0,289.0
212,0,213,0,Plaques,1.0,0.0,968.0625,288.3125,16.0,966.0,287.0,971.0,291.0
213,0,214,0,Plaques,1.0,0.0,1341.125,288.125,8.0,1340.0,287.0,1343.0,290.0
214,0,215,0,Plaques,1.0,0.0,1366.0,287.25,4.0,1365.0,287.0,1368.0,289.0
215,0,216,0,Plaques,1.0,0.0,838.1667,289.16666,6.0,837.0,288.0,840.0,291.0
216,0,217,0,Plaques,1.0,0.0,921.1212,291.60605,33.0,915.0,288.0,929.0,296.0
217,0,218,0,Plaques,1.0,0.0,530.8,289.4,5.0,530.0,289.0,533.0,291.0
218,0,219,0,Plaques,1.0,0.0,899.3333,290.08334,12.0,897.0,289.0,902.0,293.0
219,0,220,0,Plaques,1.0,0.0,940.81396,292.81396,43.0,937.0,289.0,945.0,298.0
220,0,221,0,Plaques,1.0,0.0,1328.0,290.5,10.0,1327.0,289.0,1330.0,293.0
221,0,222,0,Plaques,1.0,0.0,1526.1666,291.5,18.0,1523.0,289.0,1529.0,295.0
222,0,223,0,Plaques,1.0,0.0,1585.5,290.5,10.0,1584.0,289.0,1588.0,293.0
223,0,224,0,Plaques,1.0,0.0,1766.75,290.0,4.0,1766.0,289.0,1768.0,292.0
224,0,225,0,Plaques,1.0,0.0,524.0,291.2857,7.0,523.0,290.0,526.0,293.0
225,0,226,0,Plaques,1.0,0.0,832.5714,292.57144,21.0,829.0,290.0,837.0,296.0
226,0,227,0,Plaques,1.0,0.0,842.875,291.125,8.0,842.0,290.0,845.0,293.0
227,0,228,0,Plaques,1.0,0.0,860.4286,291.2857,7.0,860.0,290.0,862.0,294.0
228,0,229,0,Plaques,1.0,0.0,1313.0,290.5,6.0,1312.0,290.0,1315.0,292.0
229,0,230,0,Plaques,1.0,0.0,1346.3334,290.33334,3.0,1346.0,290.0,1348.0,292.0
230,0,231,0,Plaques,1.0,0.0,1445.3334,291.1111,9.0,1444.0,290.0,1448.0,293.0
231,0,232,0,Plaques,1.0,0.0,1546.0,290.5,6.0,1545.0,290.0,1548.0,292.0
232,0,233,0,Plaques,1.0,0.0,509.125,291.875,8.0,508.0,291.0,511.0,294.0
233,0,234,0,Plaques,1.0,0.0,640.0,291.5,6.0,639.0,291.0,642.0,293.0
234,0,235,0,Plaques,1.0,0.0,907.8,291.4,5.0,907.0,291.0,910.0,293.0
235,0,236,0,Plaques,1.0,0.0,957.8,292.3,10.0,957.0,291.0,960.0,295.0
236,0,237,0,Plaques,1.0,0.0,1518.4,291.8,5.0,1518.0,291.0,1520.0,294.0
237,0,238,0,Plaques,1.0,0.0,1777.0,291.5,6.0,1776.0,291.0,1779.0,293.0
238,0,239,0,Plaques,1.0,0.0,547.875,292.875,8.0,547.0,292.0,550.0,295.0
239,0,240,0,Plaques,1.0,0.0,803.6667,292.33334,3.0,803.0,292.0,805.0,294.0
240,0,241,0,Plaques,1.0,0.0,810.41174,294.2647,34.0,807.0,292.0,816.0,299.0
241,0,242,0,Plaques,1.0,0.0,825.9032,297.7097,31.0,824.0,292.0,830.0,303.0
242,0,243,0,Plaques,1.0,0.0,1580.6666,293.5,6.0,1580.0,292.0,1582.0,296.0
243,0,244,0,Plaques,1.0,0.0,1780.1666,293.16666,6.0,1779.0,292.0,1782.0,295.0
244,0,245,0,Plaques,1.0,0.0,1805.8334,292.83334,6.0,1805.0,292.0,1808.0,295.0
245,0,246,0,Plaques,1.0,0.0,694.125,294.125,8.0,693.0,293.0,696.0,296.0
246,0,247,0,Plaques,1.0,0.0,867.31036,296.86206,29.0,864.0,293.0,872.0,301.0
247,0,248,0,Plaques,1.0,0.0,1550.6364,294.0909,11.0,1549.0,293.0,1553.0,296.0
248,0,249,0,Plaques,1.0,0.0,498.06668,297.0,15.0,496.0,294.0,501.0,301.0
249,0,250,0,Plaques,1.0,0.0,519.4,294.8,5.0,519.0,294.0,521.0,297.0
250,0,251,0,Plaques,1.0,0.0,839.1111,295.66666,9.0,838.0,294.0,841.0,298.0
251,0,252,0,Plaques,1.0,0.0,855.63635,295.0909,11.0,854.0,294.0,858.0,297.0
252,0,253,0,Plaques,1.0,0.0,918.0857,296.8857,35.0,915.0,294.0,922.0,300.0
253,0,254,0,Plaques,1.0,0.0,1309.5,294.5,4.0,1309.0,294.0,1311.0,296.0
254,0,255,0,Plaques,1.0,0.0,1464.3334,294.33334,3.0,1464.0,294.0,1466.0,296.0
255,0,256,0,Plaques,1.0,0.0,1605.2,294.6,5.0,1604.0,294.0,1607.0,296.0
256,0,257,0,Plaques,1.0,0.0,512.25,296.58334,12.0,511.0,295.0,515.0,299.0
257,0,258,0,Plaques,1.0,0.0,619.3333,295.33334,3.0,619.0,295.0,621.0,297.0
258,0,259,0,Plaques,1.0,0.0,850.5,296.0,6.0,850.0,295.0,852.0,298.0
259,0,260,0,Plaques,1.0,0.0,932.3333,297.13333,15.0,930.0,295.0,935.0,300.0
260,0,261,0,Plaques,1.0,0.0,1545.0,295.5,4.0,1544.0,295.0,1547.0,297.0
261,0,262,0,Plaques,1.0,0.0,1585.3334,295.33334,3.0,1585.0,295.0,1587.0,297.0
262,0,263,0,Plaques,1.0,0.0,879.3077,298.15384,26.0,875.0,296.0,884.0,301.0
263,0,264,0,Plaques,1.0,0.0,1424.6666,296.66666,3.0,1424.0,296.0,1426.0,298.0
264,0,265,0,Plaques,1.0,0.0,489.96774,301.09677,31.0,487.0,297.0,493.0,305.0
265,0,266,0,Plaques,1.0,0.0,530.9091,298.36365,11.0,530.0,297.0,533.0,301.0
266,0,267,0,Plaques,1.0,0.0,534.5,297.5,4.0,534.0,297.0,536.0,299.0
267,0,268,0,Plaques,1.0,0.0,1451.8,297.4,5.0,1451.0,297.0,1454.0,299.0
268,0,269,0,Plaques,1.0,0.0,1562.0,297.5,6.0,1561.0,297.0,1564.0,299.0
269,0,270,0,Plaques,1.0,0.0,817.5,299.5,12.0,816.0,298.0,820.0,302.0
270,0,271,0,Plaques,1.0,0.0,860.3889,300.94446,18.0,859.0,298.0,863.0,305.0
271,0,272,0,Plaques,1.0,0.0,1527.8,298.6,5.0,1527.0,298.0,1530.0,300.0
272,0,273,0,Plaques,1.0,0.0,1784.75,299.0,4.0,1784.0,298.0,1786.0,301.0
273,0,274,0,Plaques,1.0,0.0,905.63043,302.23914,46.0,901.0,299.0,912.0,307.0
274,0,275,0,Plaques,1.0,0.0,942.8889,300.33334,9.0,942.0,299.0,945.0,303.0
275,0,276,0,Plaques,1.0,0.0,1497.0,300.0,9.0,1496.0,299.0,1499.0,302.0
276,0,277,0,Plaques,1.0,0.0,520.9375,301.625,16.0,519.0,300.0,524.0,306.0
277,0,278,0,Plaques,1.0,0.0,688.1667,300.83334,6.0,687.0,300.0,690.0,303.0
278,0,279,0,Plaques,1.0,0.0,798.125,301.125,8.0,797.0,300.0,800.0,303.0
279,0,280,0,Plaques,1.0,0.0,838.1786,301.57144,28.0,835.0,300.0,844.0,305.0
280,0,281,0,Plaques,1.0,0.0,853.5,301.0,8.0,852.0,300.0,856.0,303.0
281,0,282,0,Plaques,1.0,0.0,950.4286,302.85715,35.0,947.0,300.0,955.0,307.0
282,0,283,0,Plaques,1.0,0.0,1488.2858,301.0,7.0,1487.0,300.0,1490.0,303.0
283,0,284,0,Plaques,1.0,0.0,655.3333,301.33334,3.0,655.0,301.0,657.0,303.0
284,0,285,0,Plaques,1.0,0.0,984.3333,301.66666,3.0,984.0,301.0,986.0,303.0
285,0,286,0,Plaques,1.0,0.0,535.86664,303.66666,15.0,534.0,302.0,539.0,307.0
286,0,287,0,Plaques,1.0,0.0,846.9091,303.18182,11.0,845.0,302.0,850.0,305.0
287,0,288,0,Plaques,1.0,0.0,885.5789,304.3158,38.0,879.0,302.0,891.0,308.0
288,0,289,0,Plaques,1.0,0.0,507.0,303.5,6.0,506.0,303.0,509.0,305.0
289,0,290,0,Plaques,1.0,0.0,623.0,303.5,6.0,622.0,303.0,625.0,305.0
290,0,291,0,Plaques,1.0,0.0,804.93335,305.53333,15.0,803.0,303.0,808.0,308.0
291,0,292,0,Plaques,1.0,0.0,874.0741,305.44446,27.0,871.0,303.0,878.0,309.0
292,0,293,0,Plaques,1.0,0.0,935.3333,303.33334,3.0,935.0,303.0,937.0,305.0
293,0,294,0,Plaques,1.0,0.0,1437.5,303.5,4.0,1437.0,303.0,1439.0,305.0
294,0,295,0,Plaques,1.0,0.0,1441.5385,304.84616,13.0,1440.0,303.0,1444.0,307.0
295,0,296,0,Plaques,1.0,0.0,866.3333,306.33334,27.0,863.0,304.0,870.0,310.0
296,0,297,0,Plaques,1.0,0.0,1008.5,304.5,4.0,1008.0,304.0,1010.0,306.0
297,0,298,0,Plaques,1.0,0.0,1319.6666,304.33334,3.0,1319.0,304.0,1321.0,306.0
298,0,299,0,Plaques,1.0,0.0,1581.5,306.0,14.0,1580.0,304.0,1584.0,309.0
299,0,300,0,Plaques,1.0,0.0,1590.5172,307.51724,29.0,1588.0,304.0,1594.0,312.0
300,0,301,0,Plaques,1.0,0.0,478.13043,307.0435,23.0,476.0,305.0,481.0,311.0
301,0,302,0,Plaques,1.0,0.0,849.0,307.70834,24.0,845.0,305.0,853.0,311.0
302,0,303,0,Plaques,1.0,0.0,933.625,307.0,16.0,932.0,305.0,936.0,310.0
303,0,304,0,Plaques,1.0,0.0,1453.5,305.5,4.0,1453.0,305.0,1455.0,307.0
304,0,305,0,Plaques,1.0,0.0,1561.0,305.5,6.0,1560.0,305.0,1563.0,307.0
305,0,306,0,Plaques,1.0,0.0,499.66666,307.1111,9.0,498.0,306.0,502.0,309.0
306,0,307,0,Plaques,1.0,0.0,828.61066,315.64886,131.0,815.0,306.0,845.0,328.0
307,0,308,0,Plaques,1.0,0.0,920.2143,311.5,70.0,914.0,306.0,929.0,317.0
308,0,309,0,Plaques,1.0,0.0,940.0857,308.6,35.0,936.0,306.0,946.0,313.0
309,0,310,0,Plaques,1.0,0.0,969.6667,306.66666,3.0,969.0,306.0,971.0,308.0
310,0,311,0,Plaques,1.0,0.0,1000.6667,306.33334,3.0,1000.0,306.0,1002.0,308.0
311,0,312,0,Plaques,1.0,0.0,1515.8334,307.16666,6.0,1515.0,306.0,1518.0,309.0
312,0,313,0,Plaques,1.0,0.0,1788.7183,310.71832,71.0,1784.0,306.0,1795.0,316.0
313,0,314,0,Plaques,1.0,0.0,515.9091,308.36365,11.0,515.0,307.0,518.0,311.0
314,0,315,0,Plaques,1.0,0.0,651.0,308.2857,7.0,650.0,307.0,653.0,310.0
315,0,316,0,Plaques,1.0,0.0,716.36365,308.0909,11.0,715.0,307.0,719.0,310.0
316,0,317,0,Plaques,1.0,0.0,816.1429,310.57144,14.0,815.0,307.0,819.0,314.0
317,0,318,0,Plaques,1.0,0.0,1543.5,307.5,4.0,1543.0,307.0,1545.0,309.0
318,0,319,0,Plaques,1.0,0.0,528.3333,309.1111,9.0,527.0,308.0,531.0,311.0
319,0,320,0,Plaques,1.0,0.0,895.6667,308.66666,3.0,895.0,308.0,897.0,310.0
320,0,321,0,Plaques,1.0,0.0,901.5,309.0,8.0,900.0,308.0,904.0,311.0
321,0,322,0,Plaques,1.0,0.0,1009.5,308.5,4.0,1009.0,308.0,1011.0,310.0
322,0,323,0,Plaques,1.0,0.0,656.5,309.5,4.0,656.0,309.0,658.0,311.0
323,0,324,0,Plaques,1.0,0.0,806.63635,310.36365,11.0,805.0,309.0,809.0,313.0
324,0,325,0,Plaques,1.0,0.0,869.0255,315.91327,196.0,855.0,309.0,888.0,325.0
325,0,326,0,Plaques,1.0,0.0,880.2,309.6,5.0,879.0,309.0,882.0,311.0
326,0,327,0,Plaques,1.0,0.0,1480.0,309.5,6.0,1479.0,309.0,1482.0,311.0
327,0,328,0,Plaques,1.0,0.0,1780.6666,309.8889,9.0,1779.0,309.0,1783.0,312.0
328,0,329,0,Plaques,1.0,0.0,535.5,311.5,10.0,534.0,310.0,538.0,314.0
329,0,330,0,Plaques,1.0,0.0,635.0,311.0,9.0,634.0,310.0,637.0,313.0
330,0,331,0,Plaques,1.0,0.0,801.2,311.0,10.0,800.0,310.0,804.0,313.0
331,0,332,0,Plaques,1.0,0.0,907.4,310.8,5.0,907.0,310.0,909.0,313.0
332,0,333,0,Plaques,1.0,0.0,946.1818,311.36365,11.0,944.0,310.0,949.0,313.0
333,0,334,0,Plaques,1.0,0.0,1800.2533,314.68,75.0,1795.0,310.0,1806.0,321.0
334,0,335,0,Plaques,1.0,0.0,492.2,311.4,5.0,491.0,311.0,494.0,313.0
335,0,336,0,Plaques,1.0,0.0,891.5263,312.78946,19.0,889.0,311.0,895.0,316.0
336,0,337,0,Plaques,1.0,0.0,459.5,312.5,4.0,459.0,312.0,461.0,314.0
337,0,338,0,Plaques,1.0,0.0,481.125,312.875,8.0,480.0,312.0,483.0,315.0
338,0,339,0,Plaques,1.0,0.0,498.875,312.875,8.0,498.0,312.0,501.0,315.0
339,0,340,0,Plaques,1.0,0.0,509.0,313.5,8.0,508.0,312.0,511.0,316.0
340,0,341,0,Plaques,1.0,0.0,848.2857,319.26532,49.0,845.0,312.0,852.0,327.0
341,0,342,0,Plaques,1.0,0.0,1434.0,314.0,17.0,1432.0,312.0,1437.0,317.0
342,0,343,0,Plaques,1.0,0.0,1547.8889,313.33334,9.0,1547.0,312.0,1550.0,316.0
343,0,344,0,Plaques,1.0,0.0,813.2143,314.42856,14.0,811.0,313.0,816.0,317.0
344,0,345,0,Plaques,1.0,0.0,1494.8334,313.83334,6.0,1494.0,313.0,1497.0,316.0
345,0,346,0,Plaques,1.0,0.0,648.2857,315.0,7.0,647.0,314.0,650.0,317.0
346,0,347,0,Plaques,1.0,0.0,659.5,315.0,6.0,659.0,314.0,661.0,317.0
347,0,348,0,Plaques,1.0,0.0,900.5,315.0,8.0,899.0,314.0,903.0,317.0
348,0,349,0,Plaques,1.0,0.0,905.2857,315.0,7.0,904.0,314.0,907.0,317.0
349,0,350,0,Plaques,1.0,0.0,821.3333,315.66666,3.0,821.0,315.0,823.0,317.0
350,0,351,0,Plaques,1.0,0.0,840.5,316.5,8.0,840.0,315.0,842.0,319.0
351,0,352,0,Plaques,1.0,0.0,1520.0,316.0,9.0,1519.0,315.0,1522.0,318.0
352,0,353,0,Plaques,1.0,0.0,933.7083,318.54166,24.0,931.0,316.0,938.0,321.0
353,0,354,0,Plaques,1.0,0.0,535.6667,317.33334,3.0,535.0,317.0,537.0,319.0
354,0,355,0,Plaques,1.0,0.0,791.2857,318.0,7.0,790.0,317.0,793.0,320.0
355,0,356,0,Plaques,1.0,0.0,798.6087,319.26086,23.0,795.0,317.0,803.0,322.0
356,0,357,0,Plaques,1.0,0.0,892.4865,320.2973,37.0,890.0,317.0,898.0,327.0
357,0,358,0,Plaques,1.0,0.0,924.3269,322.01923,52.0,920.0,317.0,930.0,327.0
358,0,359,0,Plaques,1.0,0.0,1585.8334,318.08334,12.0,1584.0,317.0,1589.0,320.0
359,0,360,0,Plaques,1.0,0.0,461.33334,318.66666,3.0,461.0,318.0,463.0,320.0
360,0,361,0,Plaques,1.0,0.0,501.76923,319.84616,13.0,500.0,318.0,504.0,323.0
361,0,362,0,Plaques,1.0,0.0,530.3,319.3,10.0,529.0,318.0,533.0,322.0
362,0,363,0,Plaques,1.0,0.0,1422.6666,318.66666,3.0,1422.0,318.0,1424.0,320.0
363,0,364,0,Plaques,1.0,0.0,1472.0,318.7143,7.0,1471.0,318.0,1474.0,321.0
364,0,365,0,Plaques,1.0,0.0,479.25,319.625,8.0,478.0,319.0,482.0,322.0
365,0,366,0,Plaques,1.0,0.0,637.5,319.5,4.0,637.0,319.0,639.0,321.0
366,0,367,0,Plaques,1.0,0.0,807.17145,324.22858,35.0,804.0,319.0,810.0,330.0
367,0,368,0,Plaques,1.0,0.0,841.75,320.75,8.0,841.0,319.0,844.0,323.0
368,0,369,0,Plaques,1.0,0.0,1467.5555,320.66666,9.0,1466.0,319.0,1470.0,323.0
369,0,370,0,Plaques,1.0,0.0,473.83334,321.16666,6.0,473.0,320.0,476.0,323.0
370,0,371,0,Plaques,1.0,0.0,514.7778,320.8889,18.0,511.0,320.0,519.0,323.0
371,0,372,0,Plaques,1.0,0.0,962.0,320.5,6.0,961.0,320.0,964.0,322.0
372,0,373,0,Plaques,1.0,0.0,1483.0,322.0,15.0,1482.0,320.0,1485.0,325.0
373,0,374,0,Plaques,1.0,0.0,827.25,330.2963,108.0,818.0,321.0,836.0,340.0
374,0,375,0,Plaques,1.0,0.0,1211.0,322.2857,7.0,1210.0,321.0,1213.0,324.0
375,0,376,0,Plaques,1.0,0.0,1792.875,321.875,8.0,1792.0,321.0,1795.0,324.0
376,0,377,0,Plaques,1.0,0.0,652.2857,323.0,7.0,651.0,322.0,654.0,325.0
377,0,378,0,Plaques,1.0,0.0,865.1923,324.5,26.0,860.0,322.0,870.0,328.0
378,0,379,0,Plaques,1.0,0.0,897.1539,323.6154,13.0,895.0,322.0,900.0,326.0
379,0,380,0,Plaques,1.0,0.0,969.5,322.5,4.0,969.0,322.0,971.0,324.0
380,0,381,0,Plaques,1.0,0.0,1019.0,322.7143,7.0,1018.0,322.0,1021.0,325.0
381,0,382,0,Plaques,1.0,0.0,1489.8,322.4,5.0,1489.0,322.0,1492.0,324.0
382,0,383,0,Plaques,1.0,0.0,492.5,323.5,4.0,492.0,323.0,494.0,325.0
383,0,384,0,Plaques,1.0,0.0,913.1458,329.72916,48.0,910.0,323.0,918.0,337.0
384,0,385,0,Plaques,1.0,0.0,534.0,325.0,9.0,533.0,324.0,536.0,327.0
385,0,386,0,Plaques,1.0,0.0,632.2258,328.74194,31.0,629.0,324.0,637.0,334.0
386,0,387,0,Plaques,1.0,0.0,840.13043,326.56522,23.0,838.0,324.0,844.0,330.0
387,0,388,0,Plaques,1.0,0.0,885.0,325.5,10.0,884.0,324.0,887.0,328.0
388,0,389,0,Plaques,1.0,0.0,932.6667,324.66666,3.0,932.0,324.0,934.0,326.0
389,0,390,0,Plaques,1.0,0.0,948.0,324.7143,7.0,947.0,324.0,950.0,327.0
390,0,391,0,Plaques,1.0,0.0,816.1818,328.42426,33.0,813.0,325.0,821.0,332.0
391,0,392,0,Plaques,1.0,0.0,906.0,326.8,10.0,905.0,325.0,908.0,329.0
392,0,393,0,Plaques,1.0,0.0,937.6667,325.33334,3.0,937.0,325.0,939.0,327.0
393,0,394,0,Plaques,1.0,0.0,799.5,326.91666,12.0,797.0,326.0,803.0,329.0
394,0,395,0,Plaques,1.0,0.0,873.72815,334.3398,103.0,864.0,326.0,883.0,343.0
395,0,396,0,Plaques,1.0,0.0,518.6667,327.33334,3.0,518.0,327.0,520.0,329.0
396,0,397,0,Plaques,1.0,0.0,975.6667,327.33334,3.0,975.0,327.0,977.0,329.0
397,0,398,0,Plaques,1.0,0.0,1456.0,327.5,6.0,1455.0,327.0,1458.0,329.0
398,0,399,0,Plaques,1.0,0.0,510.5,328.5,4.0,510.0,328.0,512.0,330.0
399,0,400,0,Plaques,1.0,0.0,611.8,328.4,5.0,611.0,328.0,614.0,330.0
400,0,401,0,Plaques,1.0,0.0,677.4,328.8,5.0,677.0,328.0,679.0,331.0
401,0,402,0,Plaques,1.0,0.0,852.8333,329.83334,6.0,852.0,328.0,854.0,333.0
402,0,403,0,Plaques,1.0,0.0,936.7,329.7,10.0,935.0,328.0,939.0,332.0
403,0,404,0,Plaques,1.0,0.0,481.0,330.14285,14.0,479.0,329.0,484.0,333.0
404,0,405,0,Plaques,1.0,0.0,497.5,329.5,4.0,497.0,329.0,499.0,331.0
405,0,406,0,Plaques,1.0,0.0,797.1111,332.14816,27.0,793.0,329.0,801.0,337.0
406,0,407,0,Plaques,1.0,0.0,859.8022,335.65933,91.0,851.0,329.0,869.0,343.0
407,0,408,0,Plaques,1.0,0.0,892.86957,331.26086,23.0,890.0,329.0,896.0,334.0
408,0,409,0,Plaques,1.0,0.0,1474.4,330.3,10.0,1473.0,329.0,1478.0,332.0
409,0,410,0,Plaques,1.0,0.0,515.6667,330.66666,3.0,515.0,330.0,517.0,332.0
410,0,411,0,Plaques,1.0,0.0,904.6667,330.66666,3.0,904.0,330.0,906.0,332.0
411,0,412,0,Plaques,1.0,0.0,921.4211,337.78946,76.0,917.0,330.0,928.0,345.0
412,0,413,0,Plaques,1.0,0.0,928.0,330.75,4.0,927.0,330.0,930.0,332.0
413,0,414,0,Plaques,1.0,0.0,1018.6667,330.33334,3.0,1018.0,330.0,1020.0,332.0
414,0,415,0,Plaques,1.0,0.0,1420.0,330.5,6.0,1419.0,330.0,1422.0,332.0
415,0,416,0,Plaques,1.0,0.0,644.6,332.2,5.0,644.0,331.0,646.0,334.0
416,0,417,0,Plaques,1.0,0.0,838.4545,332.81818,11.0,837.0,331.0,841.0,335.0
417,0,418,0,Plaques,1.0,0.0,987.5,331.5,4.0,987.0,331.0,989.0,333.0
418,0,419,0,Plaques,1.0,0.0,1234.3077,332.0,13.0,1232.0,331.0,1237.0,334.0
419,0,420,0,Plaques,1.0,0.0,662.6667,332.66666,3.0,662.0,332.0,664.0,334.0
420,0,421,0,Plaques,1.0,0.0,847.0,338.82224,45.0,845.0,332.0,851.0,347.0
421,0,422,0,Plaques,1.0,0.0,885.36365,332.9091,11.0,884.0,332.0,888.0,335.0
422,0,423,0,Plaques,1.0,0.0,974.3333,332.66666,3.0,974.0,332.0,976.0,334.0
423,0,424,0,Plaques,1.0,0.0,1410.0,332.7143,7.0,1409.0,332.0,1412.0,335.0
424,0,425,0,Plaques,1.0,0.0,689.3333,333.66666,3.0,689.0,333.0,691.0,335.0
425,0,426,0,Plaques,1.0,0.0,901.0,333.5,4.0,900.0,333.0,903.0,335.0
426,0,427,0,Plaques,1.0,0.0,944.7143,335.0,7.0,944.0,334.0,947.0,337.0
427,0,428,0,Plaques,1.0,0.0,1226.5,334.5,4.0,1226.0,334.0,1228.0,336.0
428,0,429,0,Plaques,1.0,0.0,477.8,335.6,5.0,477.0,335.0,480.0,337.0
429,0,430,0,Plaques,1.0,0.0,614.5,335.5,4.0,614.0,335.0,616.0,337.0
430,0,431,0,Plaques,1.0,0.0,683.36365,336.0909,11.0,682.0,335.0,686.0,338.0
431,0,432,0,Plaques,1.0,0.0,811.6667,337.38095,21.0,809.0,335.0,815.0,340.0
432,0,433,0,Plaques,1.0,0.0,835.8461,338.69232,26.0,833.0,335.0,839.0,344.0
433,0,434,0,Plaques,1.0,0.0,1005.6667,335.66666,3.0,1005.0,335.0,1007.0,337.0
434,0,435,0,Plaques,1.0,0.0,1242.4,335.8,5.0,1242.0,335.0,1244.0,338.0
435,0,436,0,Plaques,1.0,0.0,1450.5,335.5,4.0,1450.0,335.0,1452.0,337.0
436,0,437,0,Plaques,1.0,0.0,698.0,336.5,6.0,697.0,336.0,700.0,338.0
437,0,438,0,Plaques,1.0,0.0,938.3077,337.0,13.0,936.0,336.0,941.0,339.0
438,0,439,0,Plaques,1.0,0.0,982.6667,336.8889,9.0,981.0,336.0,985.0,339.0
439,0,440,0,Plaques,1.0,0.0,470.66666,337.66666,3.0,470.0,337.0,472.0,339.0
440,0,441,0,Plaques,1.0,0.0,629.0,337.7143,7.0,628.0,337.0,631.0,340.0
441,0,442,0,Plaques,1.0,0.0,895.0,338.5,12.0,894.0,337.0,897.0,341.0
442,0,443,0,Plaques,1.0,0.0,993.9091,338.36365,11.0,993.0,337.0,996.0,341.0
443,0,444,0,Plaques,1.0,0.0,1235.2858,338.0,7.0,1234.0,337.0,1237.0,340.0
444,0,445,0,Plaques,1.0,0.0,486.76923,340.23077,13.0,484.0,338.0,490.0,343.0
445,0,446,0,Plaques,1.0,0.0,799.06525,344.80435,46.0,795.0,338.0,803.0,353.0
446,0,447,0,Plaques,1.0,0.0,889.5,338.5,4.0,889.0,338.0,891.0,340.0
447,0,448,0,Plaques,1.0,0.0,905.1111,339.33334,9.0,904.0,338.0,907.0,342.0
448,0,449,0,Plaques,1.0,0.0,1506.6,338.8,5.0,1506.0,338.0,1508.0,341.0
449,0,450,0,Plaques,1.0,0.0,436.14285,340.57144,7.0,435.0,339.0,438.0,343.0
450,0,451,0,Plaques,1.0,0.0,1793.5,339.5,4.0,1793.0,339.0,1795.0,341.0
451,0,452,0,Plaques,1.0,0.0,881.1667,343.1111,18.0,879.0,340.0,884.0,347.0
452,0,453,0,Plaques,1.0,0.0,1750.0869,342.6087,23.0,1748.0,340.0,1754.0,347.0
453,0,454,0,Plaques,1.0,0.0,819.6475,352.2541,122.0,810.0,341.0,833.0,364.0
454,0,455,0,Plaques,1.0,0.0,945.0,341.5,6.0,944.0,341.0,947.0,343.0
455,0,456,0,Plaques,1.0,0.0,976.3333,341.66666,3.0,976.0,341.0,978.0,343.0
456,0,457,0,Plaques,1.0,0.0,986.8261,343.65216,23.0,983.0,341.0,991.0,347.0
457,0,458,0,Plaques,1.0,0.0,1238.2,341.4,5.0,1237.0,341.0,1240.0,343.0
458,0,459,0,Plaques,1.0,0.0,805.58826,344.11765,17.0,804.0,342.0,808.0,347.0
459,0,460,0,Plaques,1.0,0.0,888.0,343.2857,7.0,887.0,342.0,890.0,345.0
460,0,461,0,Plaques,1.0,0.0,949.8333,343.16666,6.0,949.0,342.0,952.0,345.0
461,0,462,0,Plaques,1.0,0.0,1219.0,342.5,6.0,1218.0,342.0,1221.0,344.0
462,0,463,0,Plaques,1.0,0.0,1225.8,342.4,5.0,1225.0,342.0,1228.0,344.0
463,0,464,0,Plaques,1.0,0.0,509.46155,345.92307,13.0,508.0,343.0,512.0,349.0
464,0,465,0,Plaques,1.0,0.0,1456.4,344.2,5.0,1456.0,343.0,1458.0,346.0
465,0,466,0,Plaques,1.0,0.0,838.5,348.0435,46.0,834.0,344.0,843.0,353.0
466,0,467,0,Plaques,1.0,0.0,865.60315,350.4127,63.0,860.0,344.0,871.0,356.0
467,0,468,0,Plaques,1.0,0.0,914.6071,348.17856,28.0,911.0,344.0,920.0,351.0
468,0,469,0,Plaques,1.0,0.0,516.5,346.5,14.0,515.0,345.0,519.0,349.0
469,0,470,0,Plaques,1.0,0.0,605.0,345.25,4.0,604.0,345.0,607.0,347.0
470,0,471,0,Plaques,1.0,0.0,826.0,345.5,4.0,825.0,345.0,828.0,347.0
471,0,472,0,Plaques,1.0,0.0,859.3684,346.94736,19.0,857.0,345.0,862.0,350.0
472,0,473,0,Plaques,1.0,0.0,893.9149,350.65958,47.0,889.0,345.0,900.0,358.0
473,0,474,0,Plaques,1.0,0.0,931.475,348.675,40.0,927.0,345.0,937.0,353.0
474,0,475,0,Plaques,1.0,0.0,968.875,346.125,8.0,968.0,345.0,971.0,348.0
475,0,476,0,Plaques,1.0,0.0,993.8823,346.7647,17.0,992.0,345.0,997.0,350.0
476,0,477,0,Plaques,1.0,0.0,1491.3334,345.66666,3.0,1491.0,345.0,1493.0,347.0
477,0,478,0,Plaques,1.0,0.0,486.2,346.6,5.0,485.0,346.0,488.0,348.0
478,0,479,0,Plaques,1.0,0.0,524.0,346.75,4.0,523.0,346.0,526.0,348.0
479,0,480,0,Plaques,1.0,0.0,673.5,346.5,4.0,673.0,346.0,675.0,348.0
480,0,481,0,Plaques,1.0,0.0,901.375,347.25,16.0,898.0,346.0,905.0,350.0
481,0,482,0,Plaques,1.0,0.0,1240.7142,347.57144,7.0,1240.0,346.0,1242.0,351.0
482,0,483,0,Plaques,1.0,0.0,1740.5,346.5,4.0,1740.0,346.0,1742.0,348.0
483,0,484,0,Plaques,1.0,0.0,950.7143,348.0,7.0,950.0,347.0,953.0,350.0
484,0,485,0,Plaques,1.0,0.0,975.6667,348.08334,12.0,974.0,347.0,978.0,351.0
485,0,486,0,Plaques,1.0,0.0,1435.5,347.5,4.0,1435.0,347.0,1437.0,349.0
486,0,487,0,Plaques,1.0,0.0,628.8,348.4,5.0,628.0,348.0,631.0,350.0
487,0,488,0,Plaques,1.0,0.0,805.4211,353.1316,38.0,803.0,348.0,809.0,360.0
488,0,489,0,Plaques,1.0,0.0,829.7895,350.6842,19.0,828.0,348.0,832.0,355.0
489,0,490,0,Plaques,1.0,0.0,943.1667,349.16666,6.0,942.0,348.0,945.0,351.0
490,0,491,0,Plaques,1.0,0.0,1001.2692,349.92307,26.0,998.0,348.0,1006.0,353.0
491,0,492,0,Plaques,1.0,0.0,959.3333,349.33334,3.0,959.0,349.0,961.0,351.0
492,0,493,0,Plaques,1.0,0.0,1407.5,349.5,4.0,1407.0,349.0,1409.0,351.0
493,0,494,0,Plaques,1.0,0.0,473.0,351.5,8.0,472.0,350.0,475.0,354.0
494,0,495,0,Plaques,1.0,0.0,522.5455,351.18182,11.0,521.0,350.0,525.0,354.0
495,0,496,0,Plaques,1.0,0.0,599.5,350.5,4.0,599.0,350.0,601.0,352.0
496,0,497,0,Plaques,1.0,0.0,652.9091,351.36365,11.0,652.0,350.0,655.0,354.0
497,0,498,0,Plaques,1.0,0.0,845.4044,357.74265,136.0,834.0,350.0,858.0,369.0
498,0,499,0,Plaques,1.0,0.0,879.3823,353.88235,34.0,876.0,350.0,885.0,358.0
499,0,500,0,Plaques,1.0,0.0,1020.6667,350.33334,3.0,1020.0,350.0,1022.0,352.0
500,0,501,0,Plaques,1.0,0.0,1472.3334,350.66666,3.0,1472.0,350.0,1474.0,352.0
501,0,502,0,Plaques,1.0,0.0,479.8125,352.4375,16.0,478.0,351.0,484.0,355.0
502,0,503,0,Plaques,1.0,0.0,999.1818,358.9394,132.0,981.0,352.0,1018.0,368.0
503,0,504,0,Plaques,1.0,0.0,510.33334,353.33334,3.0,510.0,353.0,512.0,355.0
504,0,505,0,Plaques,1.0,0.0,593.8333,353.83334,6.0,593.0,353.0,596.0,356.0
505,0,506,0,Plaques,1.0,0.0,888.875,354.125,8.0,888.0,353.0,891.0,356.0
506,0,507,0,Plaques,1.0,0.0,1406.5,354.5,6.0,1406.0,353.0,1408.0,357.0
507,0,508,0,Plaques,1.0,0.0,487.25,356.8125,16.0,486.0,354.0,490.0,360.0
508,0,509,0,Plaques,1.0,0.0,915.8889,355.22223,9.0,914.0,354.0,919.0,357.0
509,0,510,0,Plaques,1.0,0.0,947.0,355.2,10.0,946.0,354.0,949.0,358.0
510,0,511,0,Plaques,1.0,0.0,980.25,360.8375,80.0,973.0,354.0,988.0,369.0
511,0,512,0,Plaques,1.0,0.0,715.6667,355.33334,3.0,715.0,355.0,717.0,357.0
512,0,513,0,Plaques,1.0,0.0,799.5,356.2,10.0,798.0,355.0,802.0,358.0
513,0,514,0,Plaques,1.0,0.0,870.5,356.0,6.0,870.0,355.0,872.0,358.0
514,0,515,0,Plaques,1.0,0.0,901.0,356.7143,7.0,900.0,355.0,903.0,359.0
515,0,516,0,Plaques,1.0,0.0,932.55,359.075,40.0,930.0,355.0,937.0,363.0
516,0,517,0,Plaques,1.0,0.0,940.5,355.5,4.0,940.0,355.0,942.0,357.0
517,0,518,0,Plaques,1.0,0.0,1438.3334,356.1111,9.0,1437.0,355.0,1441.0,358.0
518,0,519,0,Plaques,1.0,0.0,792.5,357.7143,14.0,791.0,356.0,795.0,360.0
519,0,520,0,Plaques,1.0,0.0,1327.5,356.5,4.0,1327.0,356.0,1329.0,358.0
520,0,521,0,Plaques,1.0,0.0,508.66666,357.66666,3.0,508.0,357.0,510.0,359.0
521,0,522,0,Plaques,1.0,0.0,861.75806,364.12903,62.0,857.0,358.0,867.0,373.0
522,0,523,0,Plaques,1.0,0.0,891.375,362.29166,48.0,885.0,358.0,900.0,367.0
523,0,524,0,Plaques,1.0,0.0,967.6667,358.66666,3.0,967.0,358.0,969.0,360.0
524,0,525,0,Plaques,1.0,0.0,1798.6666,358.66666,3.0,1798.0,358.0,1800.0,360.0
525,0,526,0,Plaques,1.0,0.0,593.0,360.0,3.0,593.0,359.0,594.0,362.0
526,0,527,0,Plaques,1.0,0.0,852.5,360.22223,18.0,850.0,359.0,856.0,363.0
527,0,528,0,Plaques,1.0,0.0,1018.2,359.6,5.0,1017.0,359.0,1020.0,361.0
528,0,529,0,Plaques,1.0,0.0,1427.3,360.3,10.0,1426.0,359.0,1430.0,363.0
529,0,530,0,Plaques,1.0,0.0,602.375,364.125,24.0,601.0,360.0,605.0,368.0
530,0,531,0,Plaques,1.0,0.0,812.9231,366.08975,78.0,806.0,360.0,820.0,374.0
531,0,532,0,Plaques,1.0,0.0,874.41174,362.11765,17.0,873.0,360.0,877.0,365.0
532,0,533,0,Plaques,1.0,0.0,1329.5,360.5,4.0,1329.0,360.0,1331.0,362.0
533,0,534,0,Plaques,1.0,0.0,798.6786,362.75,28.0,793.0,361.0,805.0,366.0
534,0,535,0,Plaques,1.0,0.0,866.6667,361.33334,3.0,866.0,361.0,868.0,363.0
535,0,536,0,Plaques,1.0,0.0,903.93335,361.86667,15.0,901.0,361.0,907.0,364.0
536,0,537,0,Plaques,1.0,0.0,1025.0,361.5,4.0,1024.0,361.0,1027.0,363.0
537,0,538,0,Plaques,1.0,0.0,789.875,363.125,8.0,789.0,362.0,792.0,365.0
538,0,539,0,Plaques,1.0,0.0,834.1667,362.83334,6.0,833.0,362.0,836.0,365.0
539,0,540,0,Plaques,1.0,0.0,922.1,363.9,20.0,920.0,362.0,925.0,367.0
540,0,541,0,Plaques,1.0,0.0,1320.0,363.5,8.0,1319.0,362.0,1322.0,366.0
541,0,542,0,Plaques,1.0,0.0,508.0,364.0,9.0,507.0,363.0,510.0,366.0
542,0,543,0,Plaques,1.0,0.0,939.0714,365.92856,14.0,938.0,363.0,942.0,369.0
543,0,544,0,Plaques,1.0,0.0,944.125,363.875,8.0,943.0,363.0,946.0,366.0
544,0,545,0,Plaques,1.0,0.0,958.0,364.0,3.0,958.0,363.0,959.0,366.0
545,0,546,0,Plaques,1.0,0.0,1022.75,364.0,4.0,1022.0,363.0,1024.0,366.0
546,0,547,0,Plaques,1.0,0.0,518.2857,365.0,7.0,517.0,364.0,520.0,367.0
547,0,548,0,Plaques,1.0,0.0,870.73334,365.93332,15.0,869.0,364.0,873.0,369.0
548,0,549,0,Plaques,1.0,0.0,879.125,364.875,8.0,878.0,364.0,881.0,367.0
549,0,550,0,Plaques,1.0,0.0,907.5,365.0,6.0,907.0,364.0,909.0,367.0
550,0,551,0,Plaques,1.0,0.0,501.0,366.5,12.0,500.0,365.0,503.0,369.0
551,0,552,0,Plaques,1.0,0.0,794.1916,375.31137,167.0,785.0,365.0,804.0,387.0
552,0,553,0,Plaques,1.0,0.0,854.16,386.1891,275.0,842.0,365.0,866.0,404.0
553,0,554,0,Plaques,1.0,0.0,929.5172,369.17242,29.0,925.0,365.0,934.0,374.0
554,0,555,0,Plaques,1.0,0.0,969.5,365.5,4.0,969.0,365.0,971.0,367.0
555,0,556,0,Plaques,1.0,0.0,1001.5,366.2,10.0,1000.0,365.0,1004.0,368.0
556,0,557,0,Plaques,1.0,0.0,658.3333,366.66666,3.0,658.0,366.0,660.0,368.0
557,0,558,0,Plaques,1.0,0.0,841.2817,371.9155,71.0,836.0,366.0,849.0,377.0
558,0,559,0,Plaques,1.0,0.0,904.8929,369.64285,28.0,901.0,366.0,910.0,374.0
559,0,560,0,Plaques,1.0,0.0,913.0,367.0,5.0,912.0,366.0,915.0,369.0
560,0,561,0,Plaques,1.0,0.0,1024.2858,367.0,7.0,1023.0,366.0,1026.0,369.0
561,0,562,0,Plaques,1.0,0.0,483.66666,367.33334,3.0,483.0,367.0,485.0,369.0
562,0,563,0,Plaques,1.0,0.0,512.5,367.5,4.0,512.0,367.0,514.0,369.0
563,0,564,0,Plaques,1.0,0.0,827.3026,374.75,76.0,823.0,367.0,833.0,383.0
564,0,565,0,Plaques,1.0,0.0,889.46155,368.84616,13.0,888.0,367.0,892.0,371.0
565,0,566,0,Plaques,1.0,0.0,1020.2,367.6,5.0,1019.0,367.0,1022.0,369.0
566,0,567,0,Plaques,1.0,0.0,715.5,368.5,4.0,715.0,368.0,717.0,370.0
567,0,568,0,Plaques,1.0,0.0,881.0,369.2857,7.0,880.0,368.0,883.0,371.0
568,0,569,0,Plaques,1.0,0.0,997.0833,369.66666,12.0,996.0,368.0,1000.0,372.0
569,0,570,0,Plaques,1.0,0.0,616.4,371.0,20.0,614.0,369.0,620.0,374.0
570,0,571,0,Plaques,1.0,0.0,919.3571,370.7857,14.0,918.0,369.0,922.0,374.0
571,0,572,0,Plaques,1.0,0.0,1424.125,370.125,8.0,1423.0,369.0,1426.0,372.0
572,0,573,0,Plaques,1.0,0.0,657.5,370.5,4.0,657.0,370.0,659.0,372.0
573,0,574,0,Plaques,1.0,0.0,625.6667,371.66666,3.0,625.0,371.0,627.0,373.0
574,0,575,0,Plaques,1.0,0.0,670.36365,372.0909,11.0,669.0,371.0,673.0,374.0
575,0,576,0,Plaques,1.0,0.0,806.5,371.5,4.0,806.0,371.0,808.0,373.0
576,0,577,0,Plaques,1.0,0.0,897.5,371.5,4.0,897.0,371.0,899.0,373.0
577,0,578,0,Plaques,1.0,0.0,913.93335,373.66666,15.0,912.0,371.0,917.0,377.0
578,0,579,0,Plaques,1.0,0.0,932.9091,372.63635,11.0,932.0,371.0,935.0,375.0
579,0,580,0,Plaques,1.0,0.0,940.04,373.0,25.0,937.0,371.0,945.0,376.0
580,0,581,0,Plaques,1.0,0.0,960.8,371.4,5.0,960.0,371.0,963.0,373.0
581,0,582,0,Plaques,1.0,0.0,1008.64703,372.70587,17.0,1006.0,371.0,1012.0,376.0
582,0,583,0,Plaques,1.0,0.0,467.16666,373.16666,6.0,466.0,372.0,469.0,375.0
583,0,584,0,Plaques,1.0,0.0,1000.5833,375.66666,24.0,997.0,372.0,1005.0,381.0
584,0,585,0,Plaques,1.0,0.0,1021.0,372.5,8.0,1019.0,372.0,1024.0,374.0
585,0,586,0,Plaques,1.0,0.0,1028.0,372.7143,7.0,1027.0,372.0,1030.0,375.0
586,0,587,0,Plaques,1.0,0.0,455.5,373.5,4.0,455.0,373.0,457.0,375.0
587,0,588,0,Plaques,1.0,0.0,818.30304,377.30304,33.0,816.0,373.0,822.0,382.0
588,0,589,0,Plaques,1.0,0.0,1505.5,374.0,4.0,1505.0,373.0,1507.0,376.0
589,0,590,0,Plaques,1.0,0.0,476.33334,375.08334,12.0,474.0,374.0,480.0,377.0
590,0,591,0,Plaques,1.0,0.0,489.66666,375.33334,3.0,489.0,375.0,491.0,377.0
591,0,592,0,Plaques,1.0,0.0,504.9375,376.75,16.0,503.0,375.0,508.0,380.0
592,0,593,0,Plaques,1.0,0.0,613.5,375.5,4.0,613.0,375.0,615.0,377.0
593,0,594,0,Plaques,1.0,0.0,964.5,375.5,4.0,964.0,375.0,966.0,377.0
594,0,595,0,Plaques,1.0,0.0,1014.2,376.33334,15.0,1012.0,375.0,1018.0,379.0
595,0,596,0,Plaques,1.0,0.0,1186.0,376.2,10.0,1185.0,375.0,1188.0,379.0
596,0,597,0,Plaques,1.0,0.0,1197.5,375.5,4.0,1197.0,375.0,1199.0,377.0
597,0,598,0,Plaques,1.0,0.0,882.8571,378.1905,21.0,881.0,376.0,886.0,381.0
598,0,599,0,Plaques,1.0,0.0,909.2857,377.0,7.0,908.0,376.0,911.0,379.0
599,0,600,0,Plaques,1.0,0.0,928.442,386.4058,138.0,918.0,376.0,943.0,401.0
600,0,601,0,Plaques,1.0,0.0,976.0,377.8,10.0,975.0,376.0,978.0,380.0
601,0,602,0,Plaques,1.0,0.0,1395.5,376.5,4.0,1395.0,376.0,1397.0,378.0
602,0,603,0,Plaques,1.0,0.0,403.0,377.5,6.0,402.0,377.0,405.0,379.0
603,0,604,0,Plaques,1.0,0.0,838.17523,388.0258,194.0,828.0,377.0,852.0,402.0
604,0,605,0,Plaques,1.0,0.0,871.3333,378.1111,9.0,870.0,377.0,874.0,380.0
605,0,606,0,Plaques,1.0,0.0,923.5,378.5,12.0,922.0,377.0,926.0,381.0
606,0,607,0,Plaques,1.0,0.0,946.0,377.25,4.0,945.0,377.0,948.0,379.0
607,0,608,0,Plaques,1.0,0.0,805.75,379.0,4.0,805.0,378.0,807.0,381.0
608,0,609,0,Plaques,1.0,0.0,808.9762,387.7619,84.0,805.0,378.0,814.0,399.0
609,0,610,0,Plaques,1.0,0.0,988.875,379.125,8.0,988.0,378.0,991.0,381.0
610,0,611,0,Plaques,1.0,0.0,1009.61536,380.34616,26.0,1007.0,378.0,1013.0,384.0
611,0,612,0,Plaques,1.0,0.0,1021.4286,380.60715,28.0,1019.0,378.0,1026.0,385.0
612,0,613,0,Plaques,1.0,0.0,1391.5,378.5,4.0,1391.0,378.0,1393.0,380.0
613,0,614,0,Plaques,1.0,0.0,1516.6666,379.83334,18.0,1515.0,378.0,1519.0,383.0
614,0,615,0,Plaques,1.0,0.0,1427.3334,379.33334,3.0,1427.0,379.0,1429.0,381.0
615,0,616,0,Plaques,1.0,0.0,387.66666,380.66666,3.0,387.0,380.0,389.0,382.0
616,0,617,0,Plaques,1.0,0.0,777.0,380.8,5.0,776.0,380.0,779.0,383.0
617,0,618,0,Plaques,1.0,0.0,897.6667,381.1111,9.0,896.0,380.0,900.0,383.0
618,0,619,0,Plaques,1.0,0.0,906.2157,386.2353,51.0,903.0,380.0,911.0,393.0
619,0,620,0,Plaques,1.0,0.0,916.36365,382.45456,22.0,914.0,380.0,920.0,386.0
620,0,621,0,Plaques,1.0,0.0,1176.0,380.25,4.0,1175.0,380.0,1178.0,382.0
621,0,622,0,Plaques,1.0,0.0,1192.8,380.4,5.0,1192.0,380.0,1195.0,382.0
622,0,623,0,Plaques,1.0,0.0,1414.3334,380.66666,3.0,1414.0,380.0,1416.0,382.0
623,0,624,0,Plaques,1.0,0.0,591.6667,382.66666,12.0,590.0,381.0,594.0,385.0
624,0,625,0,Plaques,1.0,0.0,867.0,381.5,6.0,866.0,381.0,869.0,383.0
625,0,626,0,Plaques,1.0,0.0,892.3333,381.33334,3.0,892.0,381.0,894.0,383.0
626,0,627,0,Plaques,1.0,0.0,356.66666,382.66666,3.0,356.0,382.0,358.0,384.0
627,0,628,0,Plaques,1.0,0.0,402.66666,382.8889,9.0,401.0,382.0,405.0,385.0
628,0,629,0,Plaques,1.0,0.0,516.0,383.0,7.0,515.0,382.0,518.0,385.0
629,0,630,0,Plaques,1.0,0.0,822.5227,387.3409,44.0,820.0,382.0,827.0,393.0
630,0,631,0,Plaques,1.0,0.0,997.6316,385.10526,19.0,996.0,382.0,1000.0,389.0
631,0,632,0,Plaques,1.0,0.0,1506.5,382.5,4.0,1506.0,382.0,1508.0,384.0
632,0,633,0,Plaques,1.0,0.0,361.5,384.0,6.0,361.0,383.0,363.0,386.0
633,0,634,0,Plaques,1.0,0.0,492.82352,385.11765,17.0,491.0,383.0,495.0,389.0
634,0,635,0,Plaques,1.0,0.0,801.2727,385.5,22.0,799.0,383.0,804.0,389.0
635,0,636,0,Plaques,1.0,0.0,922.3333,383.33334,3.0,922.0,383.0,924.0,385.0
636,0,637,0,Plaques,1.0,0.0,1498.2,384.0,10.0,1497.0,383.0,1501.0,386.0
637,0,638,0,Plaques,1.0,0.0,503.5,385.0,6.0,503.0,384.0,505.0,387.0
638,0,639,0,Plaques,1.0,0.0,890.7778,384.55554,9.0,889.0,384.0,894.0,386.0
639,0,640,0,Plaques,1.0,0.0,986.6,386.0,20.0,984.0,384.0,990.0,389.0
640,0,641,0,Plaques,1.0,0.0,1013.8148,387.1111,27.0,1009.0,384.0,1019.0,391.0
641,0,642,0,Plaques,1.0,0.0,1537.5,384.5,4.0,1537.0,384.0,1539.0,386.0
642,0,643,0,Plaques,1.0,0.0,637.6667,385.33334,3.0,637.0,385.0,639.0,387.0
643,0,644,0,Plaques,1.0,0.0,898.2857,386.7857,14.0,896.0,385.0,901.0,389.0
644,0,645,0,Plaques,1.0,0.0,972.2,385.4,5.0,971.0,385.0,974.0,387.0
645,0,646,0,Plaques,1.0,0.0,410.1579,388.3684,19.0,409.0,386.0,413.0,392.0
646,0,647,0,Plaques,1.0,0.0,776.3333,387.5,12.0,775.0,386.0,779.0,390.0
647,0,648,0,Plaques,1.0,0.0,876.4,386.8,5.0,876.0,386.0,878.0,389.0
648,0,649,0,Plaques,1.0,0.0,1027.3636,386.9091,11.0,1026.0,386.0,1030.0,389.0
649,0,650,0,Plaques,1.0,0.0,1426.0,386.5,6.0,1425.0,386.0,1428.0,388.0
650,0,651,0,Plaques,1.0,0.0,1526.6,387.2,5.0,1526.0,386.0,1528.0,389.0
651,0,652,0,Plaques,1.0,0.0,402.09525,389.66666,21.0,400.0,387.0,405.0,393.0
652,0,653,0,Plaques,1.0,0.0,784.3077,389.3846,13.0,783.0,387.0,787.0,392.0
653,0,654,0,Plaques,1.0,0.0,796.14,391.46,50.0,790.0,387.0,804.0,398.0
654,0,655,0,Plaques,1.0,0.0,815.2727,388.36365,11.0,814.0,387.0,818.0,391.0
655,0,656,0,Plaques,1.0,0.0,1502.2858,388.0,7.0,1501.0,387.0,1504.0,390.0
656,0,657,0,Plaques,1.0,0.0,1509.0344,389.48276,29.0,1506.0,387.0,1515.0,393.0
657,0,658,0,Plaques,1.0,0.0,1292.125,389.125,8.0,1291.0,388.0,1294.0,391.0
658,0,659,0,Plaques,1.0,0.0,1518.125,388.875,8.0,1517.0,388.0,1520.0,391.0
659,0,660,0,Plaques,1.0,0.0,469.5,390.0,6.0,469.0,389.0,471.0,392.0
660,0,661,0,Plaques,1.0,0.0,862.53845,395.1346,52.0,859.0,389.0,867.0,403.0
661,0,662,0,Plaques,1.0,0.0,933.5238,391.0,21.0,931.0,389.0,937.0,395.0
662,0,663,0,Plaques,1.0,0.0,1004.6667,389.66666,3.0,1004.0,389.0,1006.0,391.0
663,0,664,0,Plaques,1.0,0.0,1353.9524,391.1905,21.0,1352.0,389.0,1357.0,394.0
664,0,665,0,Plaques,1.0,0.0,1562.6666,389.66666,3.0,1562.0,389.0,1564.0,391.0
665,0,666,0,Plaques,1.0,0.0,392.44446,393.3889,18.0,390.0,390.0,395.0,398.0
666,0,667,0,Plaques,1.0,0.0,494.4,391.3,10.0,493.0,390.0,497.0,394.0
667,0,668,0,Plaques,1.0,0.0,978.5,390.5,4.0,978.0,390.0,980.0,392.0
668,0,669,0,Plaques,1.0,0.0,1423.1111,391.66666,9.0,1422.0,390.0,1425.0,394.0
669,0,670,0,Plaques,1.0,0.0,504.53845,392.15384,13.0,503.0,391.0,507.0,395.0
670,0,671,0,Plaques,1.0,0.0,513.5,392.75,12.0,512.0,391.0,516.0,395.0
671,0,672,0,Plaques,1.0,0.0,644.6,392.2,5.0,644.0,391.0,646.0,394.0
672,0,673,0,Plaques,1.0,0.0,913.10376,404.33963,106.0,908.0,391.0,919.0,414.0
673,0,674,0,Plaques,1.0,0.0,997.6667,391.66666,3.0,997.0,391.0,999.0,393.0
674,0,675,0,Plaques,1.0,0.0,1019.4889,397.84445,90.0,1013.0,391.0,1026.0,407.0
675,0,676,0,Plaques,1.0,0.0,1346.0,392.0,5.0,1345.0,391.0,1348.0,394.0
676,0,677,0,Plaques,1.0,0.0,1523.1052,394.89474,19.0,1522.0,391.0,1526.0,399.0
677,0,678,0,Plaques,1.0,0.0,590.3333,393.1111,9.0,589.0,392.0,593.0,395.0
678,0,679,0,Plaques,1.0,0.0,789.6429,396.2857,42.0,786.0,392.0,796.0,400.0
679,0,680,0,Plaques,1.0,0.0,872.1,394.15,20.0,870.0,392.0,875.0,397.0
680,0,681,0,Plaques,1.0,0.0,883.6418,400.00748,134.0,874.0,392.0,893.0,411.0
681,0,682,0,Plaques,1.0,0.0,987.5,392.5,4.0,987.0,392.0,989.0,394.0
682,0,683,0,Plaques,1.0,0.0,1010.3929,395.14285,28.0,1008.0,392.0,1015.0,399.0
683,0,684,0,Plaques,1.0,0.0,1498.2858,393.0,7.0,1497.0,392.0,1500.0,395.0
684,0,685,0,Plaques,1.0,0.0,616.6667,393.33334,3.0,616.0,393.0,618.0,395.0
685,0,686,0,Plaques,1.0,0.0,820.2857,395.0,14.0,819.0,393.0,823.0,398.0
686,0,687,0,Plaques,1.0,0.0,1003.3333,394.33334,3.0,1003.0,394.0,1005.0,396.0
687,0,688,0,Plaques,1.0,0.0,1283.3334,394.66666,3.0,1283.0,394.0,1285.0,396.0
688,0,689,0,Plaques,1.0,0.0,1356.5,395.0,6.0,1356.0,394.0,1358.0,397.0
689,0,690,0,Plaques,1.0,0.0,1419.875,394.875,8.0,1419.0,394.0,1422.0,397.0
690,0,691,0,Plaques,1.0,0.0,1551.3334,394.33334,3.0,1551.0,394.0,1553.0,396.0
691,0,692,0,Plaques,1.0,0.0,358.8,397.13333,15.0,357.0,395.0,361.0,400.0
692,0,693,0,Plaques,1.0,0.0,463.33334,395.33334,3.0,463.0,395.0,465.0,397.0
693,0,694,0,Plaques,1.0,0.0,782.8889,396.33334,9.0,782.0,395.0,785.0,399.0
694,0,695,0,Plaques,1.0,0.0,826.06665,397.13333,15.0,825.0,395.0,829.0,400.0
695,0,696,0,Plaques,1.0,0.0,1556.5,395.5,4.0,1556.0,395.0,1558.0,397.0
696,0,697,0,Plaques,1.0,0.0,505.36365,397.54544,11.0,504.0,396.0,508.0,400.0
697,0,698,0,Plaques,1.0,0.0,323.83334,398.16666,6.0,323.0,397.0,326.0,400.0
698,0,699,0,Plaques,1.0,0.0,628.0,398.0,9.0,627.0,397.0,630.0,400.0
699,0,700,0,Plaques,1.0,0.0,815.8461,398.92307,13.0,814.0,397.0,819.0,401.0
700,0,701,0,Plaques,1.0,0.0,906.0833,399.0,12.0,905.0,397.0,909.0,402.0
701,0,702,0,Plaques,1.0,0.0,928.29785,402.72342,47.0,926.0,397.0,933.0,409.0
702,0,703,0,Plaques,1.0,0.0,951.8,397.4,5.0,951.0,397.0,954.0,399.0
703,0,704,0,Plaques,1.0,0.0,985.5,397.5,4.0,985.0,397.0,987.0,399.0
704,0,705,0,Plaques,1.0,0.0,398.5,399.0,6.0,398.0,398.0,400.0,401.0
705,0,706,0,Plaques,1.0,0.0,517.57776,401.0,45.0,514.0,398.0,522.0,405.0
706,0,707,0,Plaques,1.0,0.0,900.3333,398.66666,3.0,900.0,398.0,902.0,400.0
707,0,708,0,Plaques,1.0,0.0,990.5625,399.375,16.0,989.0,398.0,994.0,402.0
708,0,709,0,Plaques,1.0,0.0,1370.0,399.0,5.0,1369.0,398.0,1372.0,401.0
709,0,710,0,Plaques,1.0,0.0,1540.3334,398.33334,3.0,1540.0,398.0,1542.0,400.0
710,0,711,0,Plaques,1.0,0.0,382.9091,401.0909,22.0,381.0,399.0,386.0,404.0
711,0,712,0,Plaques,1.0,0.0,777.4545,400.63635,11.0,776.0,399.0,780.0,403.0
712,0,713,0,Plaques,1.0,0.0,1434.8334,400.16666,6.0,1434.0,399.0,1437.0,402.0
713,0,714,0,Plaques,1.0,0.0,1572.0,399.5,6.0,1571.0,399.0,1574.0,401.0
714,0,715,0,Plaques,1.0,0.0,342.0,400.7143,7.0,341.0,400.0,344.0,403.0
715,0,716,0,Plaques,1.0,0.0,391.27274,402.45456,11.0,390.0,400.0,393.0,405.0
716,0,717,0,Plaques,1.0,0.0,406.4,400.8,5.0,406.0,400.0,408.0,403.0
717,0,718,0,Plaques,1.0,0.0,592.8889,401.33334,9.0,592.0,400.0,595.0,404.0
718,0,719,0,Plaques,1.0,0.0,822.0714,401.85715,14.0,821.0,400.0,824.0,405.0
719,0,720,0,Plaques,1.0,0.0,978.0,400.5,6.0,977.0,400.0,980.0,402.0
720,0,721,0,Plaques,1.0,0.0,1531.0,401.8,15.0,1529.0,400.0,1534.0,405.0
721,0,722,0,Plaques,1.0,0.0,799.19354,402.90323,31.0,794.0,401.0,805.0,406.0
722,0,723,0,Plaques,1.0,0.0,830.9014,411.4859,142.0,819.0,401.0,842.0,420.0
723,0,724,0,Plaques,1.0,0.0,1004.8571,401.92856,14.0,1003.0,401.0,1008.0,404.0
724,0,725,0,Plaques,1.0,0.0,1511.625,402.1875,16.0,1509.0,401.0,1515.0,405.0
725,0,726,0,Plaques,1.0,0.0,1421.3334,402.33334,3.0,1421.0,402.0,1423.0,404.0
726,0,727,0,Plaques,1.0,0.0,1548.6,403.2,5.0,1548.0,402.0,1550.0,405.0
727,0,728,0,Plaques,1.0,0.0,1832.5,402.5,4.0,1832.0,402.0,1834.0,404.0
728,0,729,0,Plaques,1.0,0.0,862.7647,404.7647,17.0,861.0,403.0,866.0,408.0
729,0,730,0,Plaques,1.0,0.0,868.8333,404.16666,6.0,868.0,403.0,871.0,406.0
730,0,731,0,Plaques,1.0,0.0,895.2,404.5,10.0,894.0,403.0,897.0,407.0
731,0,732,0,Plaques,1.0,0.0,902.7059,404.58823,17.0,901.0,403.0,906.0,407.0
732,0,733,0,Plaques,1.0,0.0,1282.6,404.2,5.0,1282.0,403.0,1284.0,406.0
733,0,734,0,Plaques,1.0,0.0,1366.3334,403.66666,3.0,1366.0,403.0,1368.0,405.0
734,0,735,0,Plaques,1.0,0.0,785.4381,409.79047,105.0,777.0,404.0,796.0,417.0
735,0,736,0,Plaques,1.0,0.0,811.3333,405.53333,15.0,809.0,404.0,814.0,408.0
736,0,737,0,Plaques,1.0,0.0,840.0,405.7143,7.0,839.0,404.0,842.0,408.0
737,0,738,0,Plaques,1.0,0.0,849.1478,412.4087,115.0,841.0,404.0,860.0,422.0
738,0,739,0,Plaques,1.0,0.0,1407.0,405.0,10.0,1405.0,404.0,1410.0,407.0
739,0,740,0,Plaques,1.0,0.0,1535.6154,405.3846,13.0,1534.0,404.0,1538.0,408.0
740,0,741,0,Plaques,1.0,0.0,349.2353,406.88235,17.0,347.0,405.0,352.0,410.0
741,0,742,0,Plaques,1.0,0.0,501.5,405.5,4.0,501.0,405.0,503.0,407.0
742,0,743,0,Plaques,1.0,0.0,506.0,405.7143,7.0,505.0,405.0,508.0,408.0
743,0,744,0,Plaques,1.0,0.0,818.1539,406.53845,13.0,817.0,405.0,821.0,409.0
744,0,745,0,Plaques,1.0,0.0,953.2,405.6,5.0,952.0,405.0,955.0,407.0
745,0,746,0,Plaques,1.0,0.0,985.0,406.8889,18.0,983.0,405.0,988.0,410.0
746,0,747,0,Plaques,1.0,0.0,1517.1923,413.19232,104.0,1510.0,405.0,1525.0,421.0
747,0,748,0,Plaques,1.0,0.0,1543.875,406.875,8.0,1543.0,406.0,1546.0,409.0
748,0,749,0,Plaques,1.0,0.0,343.46155,408.3846,13.0,342.0,407.0,346.0,411.0
749,0,750,0,Plaques,1.0,0.0,494.0,407.5,6.0,493.0,407.0,496.0,409.0
750,0,751,0,Plaques,1.0,0.0,776.6667,407.66666,3.0,776.0,407.0,778.0,409.0
751,0,752,0,Plaques,1.0,0.0,798.73334,409.33334,15.0,797.0,407.0,801.0,412.0
752,0,753,0,Plaques,1.0,0.0,990.5,407.5,4.0,990.0,407.0,992.0,409.0
753,0,754,0,Plaques,1.0,0.0,1022.7541,426.59015,244.0,1015.0,407.0,1034.0,445.0
754,0,755,0,Plaques,1.0,0.0,1496.5,408.0,10.0,1495.0,407.0,1499.0,410.0
755,0,756,0,Plaques,1.0,0.0,1507.5,408.0,8.0,1506.0,407.0,1510.0,410.0
756,0,757,0,Plaques,1.0,0.0,518.7,409.3,10.0,517.0,408.0,521.0,412.0
757,0,758,0,Plaques,1.0,0.0,877.5,408.5,4.0,877.0,408.0,879.0,410.0
758,0,759,0,Plaques,1.0,0.0,381.7143,409.42856,7.0,380.0,409.0,384.0,411.0
759,0,760,0,Plaques,1.0,0.0,400.0,409.25,4.0,399.0,409.0,402.0,411.0
760,0,761,0,Plaques,1.0,0.0,474.2,410.7,10.0,473.0,409.0,476.0,413.0
761,0,762,0,Plaques,1.0,0.0,806.1667,414.5926,54.0,802.0,409.0,811.0,420.0
762,0,763,0,Plaques,1.0,0.0,892.2,409.6,5.0,891.0,409.0,894.0,411.0
763,0,764,0,Plaques,1.0,0.0,963.8333,409.83334,6.0,963.0,409.0,966.0,412.0
764,0,765,0,Plaques,1.0,0.0,1013.0909,410.63635,11.0,1012.0,409.0,1015.0,413.0
765,0,766,0,Plaques,1.0,0.0,1380.6666,409.66666,3.0,1380.0,409.0,1382.0,411.0
766,0,767,0,Plaques,1.0,0.0,468.66666,410.66666,3.0,468.0,410.0,470.0,412.0
767,0,768,0,Plaques,1.0,0.0,592.2857,410.42856,7.0,591.0,410.0,595.0,412.0
768,0,769,0,Plaques,1.0,0.0,870.0,411.0,9.0,869.0,410.0,872.0,413.0
769,0,770,0,Plaques,1.0,0.0,896.5,410.5,4.0,896.0,410.0,898.0,412.0
770,0,771,0,Plaques,1.0,0.0,954.1,411.1,20.0,951.0,410.0,959.0,414.0
771,0,772,0,Plaques,1.0,0.0,1006.5,414.1579,38.0,1004.0,410.0,1011.0,418.0
772,0,773,0,Plaques,1.0,0.0,1407.0,410.5,4.0,1406.0,410.0,1409.0,412.0
773,0,774,0,Plaques,1.0,0.0,815.0,414.82858,35.0,812.0,411.0,820.0,420.0
774,0,775,0,Plaques,1.0,0.0,980.75,412.0,4.0,980.0,411.0,982.0,414.0
775,0,776,0,Plaques,1.0,0.0,1156.2,411.9,10.0,1154.0,411.0,1160.0,414.0
776,0,777,0,Plaques,1.0,0.0,1487.7,412.7,10.0,1486.0,411.0,1490.0,415.0
777,0,778,0,Plaques,1.0,0.0,1493.125,411.875,8.0,1492.0,411.0,1495.0,414.0
778,0,779,0,Plaques,1.0,0.0,477.0,413.0,5.0,476.0,412.0,479.0,415.0
779,0,780,0,Plaques,1.0,0.0,925.1579,414.57895,19.0,923.0,412.0,928.0,418.0
780,0,781,0,Plaques,1.0,0.0,367.66666,413.33334,3.0,367.0,413.0,369.0,415.0
781,0,782,0,Plaques,1.0,0.0,498.7143,414.0,7.0,498.0,413.0,501.0,416.0
782,0,783,0,Plaques,1.0,0.0,503.33334,413.66666,3.0,503.0,413.0,505.0,415.0
783,0,784,0,Plaques,1.0,0.0,510.54544,414.81818,11.0,509.0,413.0,513.0,417.0
784,0,785,0,Plaques,1.0,0.0,630.0,414.0,5.0,629.0,413.0,632.0,416.0
785,0,786,0,Plaques,1.0,0.0,910.6609,419.3913,115.0,903.0,413.0,919.0,428.0
786,0,787,0,Plaques,1.0,0.0,994.5,413.5,4.0,994.0,413.0,996.0,415.0
787,0,788,0,Plaques,1.0,0.0,1499.1818,414.18182,11.0,1498.0,413.0,1502.0,417.0
788,0,789,0,Plaques,1.0,0.0,1523.4,413.8,5.0,1523.0,413.0,1525.0,416.0
789,0,790,0,Plaques,1.0,0.0,1567.8462,414.46155,13.0,1566.0,413.0,1570.0,417.0
790,0,791,0,Plaques,1.0,0.0,398.725,419.7,40.0,396.0,414.0,404.0,428.0
791,0,792,0,Plaques,1.0,0.0,721.3333,415.33334,3.0,721.0,415.0,723.0,417.0
792,0,793,0,Plaques,1.0,0.0,732.8,415.4,5.0,732.0,415.0,735.0,417.0
793,0,794,0,Plaques,1.0,0.0,879.5,415.5,4.0,879.0,415.0,881.0,417.0
794,0,795,0,Plaques,1.0,0.0,953.5,415.5,4.0,953.0,415.0,955.0,417.0
795,0,796,0,Plaques,1.0,0.0,982.61536,416.3846,13.0,981.0,415.0,985.0,419.0
796,0,797,0,Plaques,1.0,0.0,999.4,415.8,5.0,999.0,415.0,1001.0,418.0
797,0,798,0,Plaques,1.0,0.0,1529.3,416.3,10.0,1528.0,415.0,1532.0,419.0
798,0,799,0,Plaques,1.0,0.0,1562.0,415.5,6.0,1561.0,415.0,1564.0,417.0
799,0,800,0,Plaques,1.0,0.0,783.4667,419.3,30.0,780.0,416.0,788.0,424.0
800,0,801,0,Plaques,1.0,0.0,855.619,421.09525,42.0,852.0,416.0,863.0,427.0
801,0,802,0,Plaques,1.0,0.0,863.3333,417.55554,9.0,862.0,416.0,865.0,420.0
802,0,803,0,Plaques,1.0,0.0,1404.3334,416.33334,3.0,1404.0,416.0,1406.0,418.0
803,0,804,0,Plaques,1.0,0.0,389.27274,418.36365,11.0,387.0,417.0,392.0,421.0
804,0,805,0,Plaques,1.0,0.0,476.125,417.875,8.0,475.0,417.0,478.0,420.0
805,0,806,0,Plaques,1.0,0.0,594.875,418.125,8.0,594.0,417.0,597.0,420.0
806,0,807,0,Plaques,1.0,0.0,713.75,418.75,20.0,712.0,417.0,717.0,422.0
807,0,808,0,Plaques,1.0,0.0,1354.5,417.5,4.0,1354.0,417.0,1356.0,419.0
808,0,809,0,Plaques,1.0,0.0,798.13336,420.1,30.0,794.0,418.0,803.0,423.0
809,0,810,0,Plaques,1.0,0.0,1161.4445,419.77777,9.0,1161.0,418.0,1163.0,423.0
810,0,811,0,Plaques,1.0,0.0,1480.3334,419.1111,9.0,1479.0,418.0,1483.0,421.0
811,0,812,0,Plaques,1.0,0.0,822.578,427.58716,109.0,814.0,419.0,832.0,438.0
812,0,813,0,Plaques,1.0,0.0,831.5,420.9091,22.0,828.0,419.0,836.0,424.0
813,0,814,0,Plaques,1.0,0.0,1007.1702,425.17023,47.0,1005.0,419.0,1010.0,433.0
814,0,815,0,Plaques,1.0,0.0,1375.4,419.8,5.0,1375.0,419.0,1377.0,422.0
815,0,816,0,Plaques,1.0,0.0,349.33334,420.66666,3.0,349.0,420.0,351.0,422.0
816,0,817,0,Plaques,1.0,0.0,788.6517,426.82022,89.0,780.0,420.0,795.0,435.0
817,0,818,0,Plaques,1.0,0.0,810.4,421.2,5.0,810.0,420.0,812.0,423.0
818,0,819,0,Plaques,1.0,0.0,373.63635,422.81818,11.0,372.0,421.0,376.0,425.0
819,0,820,0,Plaques,1.0,0.0,387.17776,427.0889,45.0,382.0,422.0,394.0,431.0
820,0,821,0,Plaques,1.0,0.0,568.5,422.5,4.0,568.0,422.0,570.0,424.0
821,0,822,0,Plaques,1.0,0.0,592.5,422.5,4.0,592.0,422.0,594.0,424.0
822,0,823,0,Plaques,1.0,0.0,512.5,423.5,4.0,512.0,423.0,514.0,425.0
823,0,824,0,Plaques,1.0,0.0,806.0222,427.13333,45.0,799.0,423.0,813.0,432.0
824,0,825,0,Plaques,1.0,0.0,840.3016,425.87302,63.0,831.0,423.0,850.0,430.0
825,0,826,0,Plaques,1.0,0.0,880.0,423.5,4.0,879.0,423.0,882.0,425.0
826,0,827,0,Plaques,1.0,0.0,952.5,423.5,4.0,952.0,423.0,954.0,425.0
827,0,828,0,Plaques,1.0,0.0,1027.5,424.7143,14.0,1026.0,423.0,1030.0,427.0
828,0,829,0,Plaques,1.0,0.0,1514.5,423.5,4.0,1514.0,423.0,1516.0,425.0
829,0,830,0,Plaques,1.0,0.0,920.875,425.375,16.0,918.0,424.0,924.0,428.0
830,0,831,0,Plaques,1.0,0.0,1395.5,425.0,6.0,1395.0,424.0,1397.0,427.0
831,0,832,0,Plaques,1.0,0.0,1498.0,425.5,10.0,1497.0,424.0,1500.0,428.0
832,0,833,0,Plaques,1.0,0.0,1524.3846,425.6154,13.0,1523.0,424.0,1527.0,428.0
833,0,834,0,Plaques,1.0,0.0,931.5,425.5,4.0,931.0,425.0,933.0,427.0
834,0,835,0,Plaques,1.0,0.0,1518.5,425.5,4.0,1518.0,425.0,1520.0,427.0
835,0,836,0,Plaques,1.0,0.0,345.5,426.5,4.0,345.0,426.0,347.0,428.0
836,0,837,0,Plaques,1.0,0.0,506.0,426.7143,7.0,505.0,426.0,508.0,429.0
837,0,838,0,Plaques,1.0,0.0,864.2,428.2,15.0,863.0,426.0,867.0,431.0
838,0,839,0,Plaques,1.0,0.0,871.5,427.0,6.0,871.0,426.0,873.0,429.0
839,0,840,0,Plaques,1.0,0.0,1159.7059,430.29413,17.0,1158.0,426.0,1162.0,435.0
840,0,841,0,Plaques,1.0,0.0,1363.1666,426.83334,6.0,1362.0,426.0,1365.0,429.0
841,0,842,0,Plaques,1.0,0.0,1586.9512,429.36584,41.0,1583.0,426.0,1592.0,433.0
842,0,843,0,Plaques,1.0,0.0,632.6667,427.33334,3.0,632.0,427.0,634.0,429.0
843,0,844,0,Plaques,1.0,0.0,908.5,427.5,4.0,908.0,427.0,910.0,429.0
844,0,845,0,Plaques,1.0,0.0,609.0,429.2,10.0,608.0,428.0,611.0,432.0
845,0,846,0,Plaques,1.0,0.0,846.1866,442.35822,134.0,839.0,428.0,857.0,459.0
846,0,847,0,Plaques,1.0,0.0,917.5,428.5,4.0,917.0,428.0,919.0,430.0
847,0,848,0,Plaques,1.0,0.0,394.42856,430.7143,7.0,394.0,429.0,396.0,433.0
848,0,849,0,Plaques,1.0,0.0,1370.5,429.5,4.0,1370.0,429.0,1372.0,431.0
849,0,850,0,Plaques,1.0,0.0,1487.5,429.5,4.0,1487.0,429.0,1489.0,431.0
850,0,851,0,Plaques,1.0,0.0,474.66666,430.66666,3.0,474.0,430.0,476.0,432.0
851,0,852,0,Plaques,1.0,0.0,505.33334,430.33334,3.0,505.0,430.0,507.0,432.0
852,0,853,0,Plaques,1.0,0.0,800.9091,434.3409,44.0,798.0,430.0,805.0,441.0
853,0,854,0,Plaques,1.0,0.0,838.2105,432.3684,19.0,836.0,430.0,841.0,436.0
854,0,855,0,Plaques,1.0,0.0,922.5,432.22726,22.0,918.0,430.0,926.0,435.0
855,0,856,0,Plaques,1.0,0.0,992.5,430.5,4.0,992.0,430.0,994.0,432.0
856,0,857,0,Plaques,1.0,0.0,997.5,431.0,6.0,997.0,430.0,999.0,433.0
857,0,858,0,Plaques,1.0,0.0,1456.5,430.5,4.0,1456.0,430.0,1458.0,432.0
858,0,859,0,Plaques,1.0,0.0,1547.0,430.5,6.0,1546.0,430.0,1549.0,432.0
859,0,860,0,Plaques,1.0,0.0,453.64285,432.2857,14.0,452.0,431.0,456.0,435.0
860,0,861,0,Plaques,1.0,0.0,844.1111,433.05554,18.0,842.0,431.0,847.0,436.0
861,0,862,0,Plaques,1.0,0.0,908.3043,432.86957,23.0,905.0,431.0,912.0,436.0
862,0,863,0,Plaques,1.0,0.0,914.3333,432.33334,6.0,913.0,431.0,916.0,434.0
863,0,864,0,Plaques,1.0,0.0,1346.5,431.5,4.0,1346.0,431.0,1348.0,433.0
864,0,865,0,Plaques,1.0,0.0,1559.5,431.5,4.0,1559.0,431.0,1561.0,433.0
865,0,866,0,Plaques,1.0,0.0,565.0,432.25,4.0,564.0,432.0,567.0,434.0
866,0,867,0,Plaques,1.0,0.0,1399.4,435.4,20.0,1398.0,432.0,1402.0,440.0
867,0,868,0,Plaques,1.0,0.0,1407.875,432.875,8.0,1407.0,432.0,1410.0,435.0
868,0,869,0,Plaques,1.0,0.0,397.875,435.6875,16.0,396.0,433.0,401.0,439.0
869,0,870,0,Plaques,1.0,0.0,718.125,434.125,8.0,717.0,433.0,720.0,436.0
870,0,871,0,Plaques,1.0,0.0,1481.5,433.5,4.0,1481.0,433.0,1483.0,435.0
871,0,872,0,Plaques,1.0,0.0,1808.5,433.5,4.0,1808.0,433.0,1810.0,435.0
872,0,873,0,Plaques,1.0,0.0,385.81818,436.77274,22.0,383.0,434.0,390.0,439.0
873,0,874,0,Plaques,1.0,0.0,822.1,435.6,10.0,821.0,434.0,825.0,438.0
874,0,875,0,Plaques,1.0,0.0,902.875,436.54166,24.0,899.0,434.0,908.0,440.0
875,0,876,0,Plaques,1.0,0.0,1143.5294,436.35294,17.0,1142.0,434.0,1146.0,440.0
876,0,877,0,Plaques,1.0,0.0,1352.5,435.2,10.0,1351.0,434.0,1355.0,437.0
877,0,878,0,Plaques,1.0,0.0,1372.5,434.5,4.0,1372.0,434.0,1374.0,436.0
878,0,879,0,Plaques,1.0,0.0,1495.125,434.875,8.0,1494.0,434.0,1497.0,437.0
879,0,880,0,Plaques,1.0,0.0,392.5,435.5,4.0,392.0,435.0,394.0,437.0
880,0,881,0,Plaques,1.0,0.0,794.3656,447.8925,186.0,785.0,435.0,807.0,457.0
881,0,882,0,Plaques,1.0,0.0,1526.3889,436.22223,18.0,1524.0,435.0,1530.0,439.0
882,0,883,0,Plaques,1.0,0.0,1578.0,436.2857,7.0,1577.0,435.0,1580.0,438.0
883,0,884,0,Plaques,1.0,0.0,376.0,436.5,6.0,375.0,436.0,378.0,438.0
884,0,885,0,Plaques,1.0,0.0,456.0,436.7143,7.0,455.0,436.0,458.0,439.0
885,0,886,0,Plaques,1.0,0.0,786.931,439.2069,29.0,784.0,436.0,791.0,444.0
886,0,887,0,Plaques,1.0,0.0,808.11536,438.07693,26.0,805.0,436.0,812.0,441.0
887,0,888,0,Plaques,1.0,0.0,835.8444,439.0889,45.0,832.0,436.0,843.0,445.0
888,0,889,0,Plaques,1.0,0.0,990.0,437.0,9.0,989.0,436.0,992.0,439.0
889,0,890,0,Plaques,1.0,0.0,299.5,437.5,4.0,299.0,437.0,301.0,439.0
890,0,891,0,Plaques,1.0,0.0,505.66666,439.91666,12.0,504.0,438.0,508.0,443.0
891,0,892,0,Plaques,1.0,0.0,632.0,438.5,6.0,631.0,438.0,634.0,440.0
892,0,893,0,Plaques,1.0,0.0,887.5,438.5,4.0,887.0,438.0,889.0,440.0
893,0,894,0,Plaques,1.0,0.0,921.4667,440.06668,15.0,920.0,438.0,924.0,444.0
894,0,895,0,Plaques,1.0,0.0,1404.8889,439.33334,9.0,1404.0,438.0,1407.0,442.0
895,0,896,0,Plaques,1.0,0.0,1485.6666,439.53333,15.0,1484.0,438.0,1489.0,442.0
896,0,897,0,Plaques,1.0,0.0,1517.5,438.5,4.0,1517.0,438.0,1519.0,440.0
897,0,898,0,Plaques,1.0,0.0,1553.0,439.5,10.0,1552.0,438.0,1555.0,442.0
898,0,899,0,Plaques,1.0,0.0,1599.5,438.5,4.0,1599.0,438.0,1601.0,440.0
899,0,900,0,Plaques,1.0,0.0,390.83334,442.66666,12.0,390.0,439.0,393.0,447.0
900,0,901,0,Plaques,1.0,0.0,494.16666,439.83334,6.0,493.0,439.0,496.0,442.0
901,0,902,0,Plaques,1.0,0.0,610.1111,440.33334,9.0,609.0,439.0,612.0,443.0
902,0,903,0,Plaques,1.0,0.0,816.5692,447.72308,65.0,811.0,439.0,821.0,456.0
903,0,904,0,Plaques,1.0,0.0,1137.9634,453.6626,246.0,1125.0,439.0,1156.0,468.0
904,0,905,0,Plaques,1.0,0.0,825.13336,443.83334,30.0,823.0,440.0,828.0,449.0
905,0,906,0,Plaques,1.0,0.0,851.6406,449.15625,64.0,848.0,440.0,857.0,459.0
906,0,907,0,Plaques,1.0,0.0,1155.1818,441.0909,11.0,1154.0,440.0,1158.0,444.0
907,0,908,0,Plaques,1.0,0.0,1385.3334,440.66666,3.0,1385.0,440.0,1387.0,442.0
908,0,909,0,Plaques,1.0,0.0,370.5,441.5,4.0,370.0,441.0,372.0,443.0
909,0,910,0,Plaques,1.0,0.0,1018.7143,443.14285,21.0,1016.0,441.0,1023.0,446.0
910,0,911,0,Plaques,1.0,0.0,1391.6666,441.66666,3.0,1391.0,441.0,1393.0,443.0
911,0,912,0,Plaques,1.0,0.0,1497.8889,442.66666,9.0,1497.0,441.0,1500.0,445.0
912,0,913,0,Plaques,1.0,0.0,1535.125,442.125,8.0,1534.0,441.0,1537.0,444.0
913,0,914,0,Plaques,1.0,0.0,1565.9706,444.14706,34.0,1561.0,441.0,1572.0,447.0
914,0,915,0,Plaques,1.0,0.0,598.5,442.5,4.0,598.0,442.0,600.0,444.0
915,0,916,0,Plaques,1.0,0.0,988.8333,442.83334,6.0,988.0,442.0,991.0,445.0
916,0,917,0,Plaques,1.0,0.0,397.1,444.7,10.0,396.0,443.0,400.0,447.0
917,0,918,0,Plaques,1.0,0.0,433.0,444.0,5.0,432.0,443.0,435.0,446.0
918,0,919,0,Plaques,1.0,0.0,591.0,444.5,10.0,590.0,443.0,593.0,447.0
919,0,920,0,Plaques,1.0,0.0,637.875,445.0,16.0,636.0,443.0,641.0,448.0
920,0,921,0,Plaques,1.0,0.0,908.86664,444.53333,15.0,907.0,443.0,912.0,447.0
921,0,922,0,Plaques,1.0,0.0,938.5,443.5,4.0,938.0,443.0,940.0,445.0
922,0,923,0,Plaques,1.0,0.0,1349.875,444.125,8.0,1349.0,443.0,1352.0,446.0
923,0,924,0,Plaques,1.0,0.0,1503.909,444.63635,11.0,1503.0,443.0,1506.0,447.0
924,0,925,0,Plaques,1.0,0.0,895.5333,445.06668,15.0,893.0,444.0,899.0,447.0
925,0,926,0,Plaques,1.0,0.0,902.125,445.125,8.0,901.0,444.0,904.0,447.0
926,0,927,0,Plaques,1.0,0.0,1002.5,445.0,6.0,1002.0,444.0,1004.0,447.0
927,0,928,0,Plaques,1.0,0.0,1340.0,444.0,3.0,1339.0,444.0,1342.0,445.0
928,0,929,0,Plaques,1.0,0.0,1470.6666,444.33334,3.0,1470.0,444.0,1472.0,446.0
929,0,930,0,Plaques,1.0,0.0,1580.875,444.875,8.0,1580.0,444.0,1583.0,447.0
930,0,931,0,Plaques,1.0,0.0,627.0,446.2857,7.0,626.0,445.0,629.0,448.0
931,0,932,0,Plaques,1.0,0.0,867.1667,446.16666,6.0,866.0,445.0,869.0,448.0
932,0,933,0,Plaques,1.0,0.0,920.0,446.5,10.0,919.0,445.0,922.0,449.0
933,0,934,0,Plaques,1.0,0.0,1025.9166,446.33334,12.0,1023.0,445.0,1029.0,448.0
934,0,935,0,Plaques,1.0,0.0,1036.3334,445.33334,3.0,1036.0,445.0,1038.0,447.0
935,0,936,0,Plaques,1.0,0.0,1479.25,445.75,8.0,1478.0,445.0,1482.0,448.0
936,0,937,0,Plaques,1.0,0.0,1814.125,445.875,8.0,1813.0,445.0,1816.0,448.0
937,0,938,0,Plaques,1.0,0.0,606.8485,448.33334,33.0,604.0,446.0,612.0,454.0
938,0,939,0,Plaques,1.0,0.0,810.2727,448.27274,11.0,809.0,446.0,812.0,451.0
939,0,940,0,Plaques,1.0,0.0,861.1177,447.94116,17.0,859.0,446.0,864.0,451.0
940,0,941,0,Plaques,1.0,0.0,982.6,447.1,10.0,981.0,446.0,985.0,450.0
941,0,942,0,Plaques,1.0,0.0,1355.3334,446.66666,3.0,1355.0,446.0,1357.0,448.0
942,0,943,0,Plaques,1.0,0.0,1544.5,446.5,4.0,1544.0,446.0,1546.0,448.0
943,0,944,0,Plaques,1.0,0.0,1792.5,446.5,4.0,1792.0,446.0,1794.0,448.0
944,0,945,0,Plaques,1.0,0.0,403.0,448.2857,7.0,402.0,447.0,405.0,450.0
945,0,946,0,Plaques,1.0,0.0,477.66666,447.33334,3.0,477.0,447.0,479.0,449.0
946,0,947,0,Plaques,1.0,0.0,829.69025,455.177,113.0,824.0,447.0,837.0,466.0
947,0,948,0,Plaques,1.0,0.0,879.0,448.0,7.0,878.0,447.0,881.0,450.0
948,0,949,0,Plaques,1.0,0.0,1018.6,448.2,5.0,1018.0,447.0,1020.0,450.0
949,0,950,0,Plaques,1.0,0.0,1329.8,447.6,5.0,1329.0,447.0,1332.0,449.0
950,0,951,0,Plaques,1.0,0.0,1463.5,448.0,6.0,1463.0,447.0,1465.0,450.0
951,0,952,0,Plaques,1.0,0.0,1530.5,447.5,4.0,1530.0,447.0,1532.0,449.0
952,0,953,0,Plaques,1.0,0.0,1560.2858,449.5238,21.0,1557.0,447.0,1564.0,453.0
953,0,954,0,Plaques,1.0,0.0,395.2857,449.0,7.0,394.0,448.0,397.0,451.0
954,0,955,0,Plaques,1.0,0.0,1280.9166,448.75,12.0,1279.0,448.0,1284.0,451.0
955,0,956,0,Plaques,1.0,0.0,906.7619,452.2857,21.0,904.0,449.0,910.0,456.0
956,0,957,0,Plaques,1.0,0.0,915.125,449.875,8.0,914.0,449.0,917.0,452.0
957,0,958,0,Plaques,1.0,0.0,1028.9149,452.93616,47.0,1023.0,449.0,1036.0,458.0
958,0,959,0,Plaques,1.0,0.0,1491.8235,450.47058,17.0,1489.0,449.0,1495.0,453.0
959,0,960,0,Plaques,1.0,0.0,1497.75,450.41666,12.0,1496.0,449.0,1500.0,453.0
960,0,961,0,Plaques,1.0,0.0,695.5,451.5,12.0,694.0,450.0,698.0,454.0
961,0,962,0,Plaques,1.0,0.0,807.0,452.0,15.0,806.0,450.0,809.0,455.0
962,0,963,0,Plaques,1.0,0.0,1539.8077,452.65384,26.0,1537.0,450.0,1543.0,456.0
963,0,964,0,Plaques,1.0,0.0,1570.75,451.08334,12.0,1569.0,450.0,1573.0,454.0
964,0,965,0,Plaques,1.0,0.0,391.0,451.7143,7.0,390.0,451.0,393.0,454.0
965,0,966,0,Plaques,1.0,0.0,896.5091,455.12726,55.0,892.0,451.0,902.0,460.0
966,0,967,0,Plaques,1.0,0.0,991.5,452.0,6.0,991.0,451.0,993.0,454.0
967,0,968,0,Plaques,1.0,0.0,997.5,451.5,4.0,997.0,451.0,999.0,453.0
968,0,969,0,Plaques,1.0,0.0,1468.875,452.5,8.0,1468.0,451.0,1471.0,455.0
969,0,970,0,Plaques,1.0,0.0,1525.5,452.0,6.0,1525.0,451.0,1527.0,454.0
970,0,971,0,Plaques,1.0,0.0,1532.8334,451.83334,6.0,1532.0,451.0,1535.0,454.0
971,0,972,0,Plaques,1.0,0.0,863.6667,452.66666,3.0,863.0,452.0,865.0,454.0
972,0,973,0,Plaques,1.0,0.0,868.5,453.0,6.0,868.0,452.0,870.0,455.0
973,0,974,0,Plaques,1.0,0.0,884.5,453.0,6.0,884.0,452.0,886.0,455.0
974,0,975,0,Plaques,1.0,0.0,927.5,453.0,6.0,927.0,452.0,929.0,455.0
975,0,976,0,Plaques,1.0,0.0,1173.5,452.5,4.0,1173.0,452.0,1175.0,454.0
976,0,977,0,Plaques,1.0,0.0,1271.3334,452.33334,3.0,1271.0,452.0,1273.0,454.0
977,0,978,0,Plaques,1.0,0.0,1507.0,452.25,4.0,1506.0,452.0,1509.0,454.0
978,0,979,0,Plaques,1.0,0.0,397.33334,453.66666,3.0,397.0,453.0,399.0,455.0
979,0,980,0,Plaques,1.0,0.0,595.0909,454.63635,11.0,594.0,453.0,597.0,457.0
980,0,981,0,Plaques,1.0,0.0,914.61536,454.6154,13.0,913.0,453.0,917.0,457.0
981,0,982,0,Plaques,1.0,0.0,1345.5,453.5,4.0,1345.0,453.0,1347.0,455.0
982,0,983,0,Plaques,1.0,0.0,1426.5,453.5,4.0,1426.0,453.0,1428.0,455.0
983,0,984,0,Plaques,1.0,0.0,1476.1482,456.03705,27.0,1472.0,453.0,1481.0,460.0
984,0,985,0,Plaques,1.0,0.0,1484.2858,454.0,7.0,1483.0,453.0,1486.0,456.0
985,0,986,0,Plaques,1.0,0.0,498.5,454.5,4.0,498.0,454.0,500.0,456.0
986,0,987,0,Plaques,1.0,0.0,1465.8,457.2,20.0,1463.0,455.0,1469.0,460.0
987,0,988,0,Plaques,1.0,0.0,504.6154,457.3846,13.0,503.0,456.0,507.0,460.0
988,0,989,0,Plaques,1.0,0.0,602.0,456.25,4.0,601.0,456.0,604.0,458.0
989,0,990,0,Plaques,1.0,0.0,739.8333,457.16666,6.0,739.0,456.0,742.0,459.0
990,0,991,0,Plaques,1.0,0.0,990.6667,456.66666,3.0,990.0,456.0,992.0,458.0
991,0,992,0,Plaques,1.0,0.0,1019.7879,458.0606,33.0,1013.0,456.0,1026.0,461.0
992,0,993,0,Plaques,1.0,0.0,1458.875,457.125,8.0,1458.0,456.0,1461.0,459.0
993,0,994,0,Plaques,1.0,0.0,682.5,457.5,4.0,682.0,457.0,684.0,459.0
994,0,995,0,Plaques,1.0,0.0,806.7094,462.64102,117.0,798.0,457.0,816.0,471.0
995,0,996,0,Plaques,1.0,0.0,819.48,460.8,25.0,817.0,457.0,822.0,466.0
996,0,997,0,Plaques,1.0,0.0,888.43475,459.9565,23.0,886.0,457.0,891.0,465.0
997,0,998,0,Plaques,1.0,0.0,907.5,458.5,8.0,907.0,457.0,909.0,461.0
998,0,999,0,Plaques,1.0,0.0,952.7143,458.0,7.0,952.0,457.0,955.0,460.0
999,0,1000,0,Plaques,1.0,0.0,1514.8,457.6,5.0,1514.0,457.0,1517.0,459.0
1000,0,1001,0,Plaques,1.0,0.0,514.6667,458.66666,3.0,514.0,458.0,516.0,460.0
1001,0,1002,0,Plaques,1.0,0.0,865.125,459.125,8.0,864.0,458.0,867.0,461.0
1002,0,1003,0,Plaques,1.0,0.0,1585.5,458.5,4.0,1585.0,458.0,1587.0,460.0
1003,0,1004,0,Plaques,1.0,0.0,362.0,459.75,4.0,361.0,459.0,364.0,461.0
1004,0,1005,0,Plaques,1.0,0.0,598.3973,463.75342,73.0,590.0,459.0,605.0,469.0
1005,0,1006,0,Plaques,1.0,0.0,607.3333,459.33334,3.0,607.0,459.0,609.0,461.0
1006,0,1007,0,Plaques,1.0,0.0,672.3333,459.33334,3.0,672.0,459.0,674.0,461.0
1007,0,1008,0,Plaques,1.0,0.0,858.125,460.75,8.0,857.0,459.0,860.0,463.0
1008,0,1009,0,Plaques,1.0,0.0,958.875,459.875,8.0,958.0,459.0,961.0,462.0
1009,0,1010,0,Plaques,1.0,0.0,969.5,460.0,6.0,969.0,459.0,971.0,462.0
1010,0,1011,0,Plaques,1.0,0.0,985.0909,460.36365,11.0,984.0,459.0,987.0,463.0
1011,0,1012,0,Plaques,1.0,0.0,1379.0,460.0,7.0,1378.0,459.0,1381.0,462.0
1012,0,1013,0,Plaques,1.0,0.0,1387.3939,461.36365,33.0,1384.0,459.0,1391.0,466.0
1013,0,1014,0,Plaques,1.0,0.0,1483.5853,462.36584,41.0,1478.0,459.0,1490.0,467.0
1014,0,1015,0,Plaques,1.0,0.0,1525.5,459.5,4.0,1525.0,459.0,1527.0,461.0
1015,0,1016,0,Plaques,1.0,0.0,1531.7142,461.0,14.0,1530.0,459.0,1534.0,464.0
1016,0,1017,0,Plaques,1.0,0.0,1745.6666,459.33334,3.0,1745.0,459.0,1747.0,461.0
1017,0,1018,0,Plaques,1.0,0.0,795.9153,484.14548,543.0,780.0,460.0,814.0,504.0
1018,0,1019,0,Plaques,1.0,0.0,839.0455,465.75,44.0,836.0,460.0,843.0,471.0
1019,0,1020,0,Plaques,1.0,0.0,898.6177,465.0,34.0,896.0,460.0,903.0,472.0
1020,0,1021,0,Plaques,1.0,0.0,1448.6,461.86667,15.0,1447.0,460.0,1452.0,465.0
1021,0,1022,0,Plaques,1.0,0.0,1473.4546,461.36365,11.0,1472.0,460.0,1476.0,464.0
1022,0,1023,0,Plaques,1.0,0.0,1736.5454,461.81818,11.0,1735.0,460.0,1739.0,464.0
1023,0,1024,0,Plaques,1.0,0.0,880.8333,462.83334,18.0,879.0,461.0,884.0,466.0
1024,0,1025,0,Plaques,1.0,0.0,979.5,461.5,4.0,979.0,461.0,981.0,463.0
1025,0,1026,0,Plaques,1.0,0.0,1006.7143,462.0,7.0,1006.0,461.0,1009.0,464.0
1026,0,1027,0,Plaques,1.0,0.0,1460.9381,470.57523,113.0,1455.0,461.0,1469.0,482.0
1027,0,1028,0,Plaques,1.0,0.0,1494.8889,462.66666,9.0,1494.0,461.0,1497.0,465.0
1028,0,1029,0,Plaques,1.0,0.0,508.33334,462.33334,3.0,508.0,462.0,510.0,464.0
1029,0,1030,0,Plaques,1.0,0.0,670.0,463.2857,7.0,669.0,462.0,672.0,465.0
1030,0,1031,0,Plaques,1.0,0.0,851.5,464.16666,12.0,850.0,462.0,854.0,467.0
1031,0,1032,0,Plaques,1.0,0.0,1027.2858,463.5,14.0,1026.0,462.0,1030.0,466.0
1032,0,1033,0,Plaques,1.0,0.0,1442.4,463.2,5.0,1442.0,462.0,1444.0,465.0
1033,0,1034,0,Plaques,1.0,0.0,893.5,463.5,4.0,893.0,463.0,895.0,465.0
1034,0,1035,0,Plaques,1.0,0.0,512.5,464.5,4.0,512.0,464.0,514.0,466.0
1035,0,1036,0,Plaques,1.0,0.0,864.5714,465.2857,7.0,864.0,464.0,866.0,468.0
1036,0,1037,0,Plaques,1.0,0.0,913.0,465.5,8.0,912.0,464.0,915.0,468.0
1037,0,1038,0,Plaques,1.0,0.0,919.0,465.0,9.0,918.0,464.0,921.0,467.0
1038,0,1039,0,Plaques,1.0,0.0,949.5,464.5,4.0,949.0,464.0,951.0,466.0
1039,0,1040,0,Plaques,1.0,0.0,830.5,465.5,4.0,830.0,465.0,832.0,467.0
1040,0,1041,0,Plaques,1.0,0.0,1019.7368,467.73685,19.0,1018.0,465.0,1023.0,471.0
1041,0,1042,0,Plaques,1.0,0.0,1375.3846,466.3846,13.0,1374.0,465.0,1378.0,469.0
1042,0,1043,0,Plaques,1.0,0.0,1572.0,466.0,7.0,1571.0,465.0,1574.0,468.0
1043,0,1044,0,Plaques,1.0,0.0,944.5,466.5,4.0,944.0,466.0,946.0,468.0
1044,0,1045,0,Plaques,1.0,0.0,1035.8462,468.30768,13.0,1034.0,466.0,1039.0,472.0
1045,0,1046,0,Plaques,1.0,0.0,1350.0,466.5,6.0,1349.0,466.0,1352.0,468.0
1046,0,1047,0,Plaques,1.0,0.0,1381.6,467.2,5.0,1381.0,466.0,1383.0,469.0
1047,0,1048,0,Plaques,1.0,0.0,1493.125,467.75,8.0,1492.0,466.0,1495.0,470.0
1048,0,1049,0,Plaques,1.0,0.0,1522.6154,467.6154,13.0,1521.0,466.0,1525.0,470.0
1049,0,1050,0,Plaques,1.0,0.0,1541.5,466.5,4.0,1541.0,466.0,1543.0,468.0
1050,0,1051,0,Plaques,1.0,0.0,816.3333,467.33334,3.0,816.0,467.0,818.0,469.0
1051,0,1052,0,Plaques,1.0,0.0,855.6667,467.33334,3.0,855.0,467.0,857.0,469.0
1052,0,1053,0,Plaques,1.0,0.0,872.6087,469.69565,23.0,871.0,467.0,876.0,473.0
1053,0,1054,0,Plaques,1.0,0.0,906.64703,467.94116,17.0,904.0,467.0,910.0,470.0
1054,0,1055,0,Plaques,1.0,0.0,986.5,467.5,4.0,986.0,467.0,988.0,469.0
1055,0,1056,0,Plaques,1.0,0.0,1345.5,468.0,4.0,1345.0,467.0,1347.0,470.0
1056,0,1057,0,Plaques,1.0,0.0,1386.1515,471.33334,33.0,1383.0,467.0,1390.0,476.0
1057,0,1058,0,Plaques,1.0,0.0,1474.3334,469.14285,21.0,1471.0,467.0,1478.0,472.0
1058,0,1059,0,Plaques,1.0,0.0,1531.8334,467.83334,6.0,1531.0,467.0,1534.0,470.0
1059,0,1060,0,Plaques,1.0,0.0,825.093,472.90698,43.0,821.0,468.0,829.0,480.0
1060,0,1061,0,Plaques,1.0,0.0,890.25,469.125,16.0,888.0,468.0,894.0,472.0
1061,0,1062,0,Plaques,1.0,0.0,1010.7778,469.33334,9.0,1009.0,468.0,1014.0,471.0
1062,0,1063,0,Plaques,1.0,0.0,1131.7142,468.42856,7.0,1130.0,468.0,1134.0,470.0
1063,0,1064,0,Plaques,1.0,0.0,912.94446,471.3889,18.0,911.0,469.0,916.0,475.0
1064,0,1065,0,Plaques,1.0,0.0,597.2766,473.78723,47.0,594.0,470.0,602.0,479.0
1065,0,1066,0,Plaques,1.0,0.0,1039.75,471.0,4.0,1039.0,470.0,1041.0,473.0
1066,0,1067,0,Plaques,1.0,0.0,1535.5,470.5,4.0,1535.0,470.0,1537.0,472.0
1067,0,1068,0,Plaques,1.0,0.0,403.0,471.75,4.0,402.0,471.0,405.0,473.0
1068,0,1069,0,Plaques,1.0,0.0,512.0,472.5,12.0,511.0,471.0,514.0,475.0
1069,0,1070,0,Plaques,1.0,0.0,816.5833,471.83334,12.0,815.0,471.0,820.0,474.0
1070,0,1071,0,Plaques,1.0,0.0,881.61536,472.46155,13.0,880.0,471.0,884.0,475.0
1071,0,1072,0,Plaques,1.0,0.0,934.5,471.5,4.0,934.0,471.0,936.0,473.0
1072,0,1073,0,Plaques,1.0,0.0,1124.3334,471.66666,3.0,1124.0,471.0,1126.0,473.0
1073,0,1074,0,Plaques,1.0,0.0,1454.5,471.8,10.0,1453.0,471.0,1457.0,474.0
1074,0,1075,0,Plaques,1.0,0.0,833.5833,478.8854,96.0,828.0,472.0,841.0,487.0
1075,0,1076,0,Plaques,1.0,0.0,891.5,473.2,10.0,890.0,472.0,894.0,475.0
1076,0,1077,0,Plaques,1.0,0.0,923.2,472.6,5.0,922.0,472.0,925.0,474.0
1077,0,1078,0,Plaques,1.0,0.0,1154.75,473.375,8.0,1154.0,472.0,1157.0,476.0
1078,0,1079,0,Plaques,1.0,0.0,1480.6364,472.9091,11.0,1479.0,472.0,1483.0,475.0
1079,0,1080,0,Plaques,1.0,0.0,1511.4286,473.60715,28.0,1508.0,472.0,1516.0,476.0
1080,0,1081,0,Plaques,1.0,0.0,424.0,474.2857,7.0,423.0,473.0,426.0,476.0
1081,0,1082,0,Plaques,1.0,0.0,441.2,474.3,10.0,440.0,473.0,443.0,477.0
1082,0,1083,0,Plaques,1.0,0.0,453.33334,473.33334,3.0,453.0,473.0,455.0,475.0
1083,0,1084,0,Plaques,1.0,0.0,518.0,474.5,10.0,517.0,473.0,520.0,477.0
1084,0,1085,0,Plaques,1.0,0.0,983.0,473.7143,7.0,982.0,473.0,985.0,476.0
1085,0,1086,0,Plaques,1.0,0.0,990.5,473.5,4.0,990.0,473.0,992.0,475.0
1086,0,1087,0,Plaques,1.0,0.0,1127.5,473.5,4.0,1127.0,473.0,1129.0,475.0
1087,0,1088,0,Plaques,1.0,0.0,1344.0,474.8,10.0,1343.0,473.0,1346.0,477.0
1088,0,1089,0,Plaques,1.0,0.0,1487.125,474.125,8.0,1486.0,473.0,1489.0,476.0
1089,0,1090,0,Plaques,1.0,0.0,1520.0,473.75,4.0,1519.0,473.0,1522.0,475.0
1090,0,1091,0,Plaques,1.0,0.0,1734.3334,473.33334,3.0,1734.0,473.0,1736.0,475.0
1091,0,1092,0,Plaques,1.0,0.0,579.3333,474.33334,3.0,579.0,474.0,581.0,476.0
1092,0,1093,0,Plaques,1.0,0.0,675.1667,476.83334,12.0,674.0,474.0,677.0,480.0
1093,0,1094,0,Plaques,1.0,0.0,900.0,475.2857,7.0,899.0,474.0,902.0,477.0
1094,0,1095,0,Plaques,1.0,0.0,1526.0,474.5,6.0,1525.0,474.0,1528.0,476.0
1095,0,1096,0,Plaques,1.0,0.0,1761.1666,475.16666,6.0,1760.0,474.0,1763.0,477.0
1096,0,1097,0,Plaques,1.0,0.0,523.0,476.0,5.0,522.0,475.0,525.0,478.0
1097,0,1098,0,Plaques,1.0,0.0,842.61536,476.3846,13.0,841.0,475.0,845.0,479.0
1098,0,1099,0,Plaques,1.0,0.0,851.5,475.5,4.0,851.0,475.0,853.0,477.0
1099,0,1100,0,Plaques,1.0,0.0,868.4,476.93332,15.0,867.0,475.0,871.0,480.0
1100,0,1101,0,Plaques,1.0,0.0,929.375,477.75,16.0,928.0,475.0,932.0,481.0
1101,0,1102,0,Plaques,1.0,0.0,1021.5,477.0,24.0,1019.0,475.0,1025.0,481.0
1102,0,1103,0,Plaques,1.0,0.0,780.6667,476.66666,3.0,780.0,476.0,782.0,478.0
1103,0,1104,0,Plaques,1.0,0.0,861.8,476.6,5.0,861.0,476.0,864.0,478.0
1104,0,1105,0,Plaques,1.0,0.0,959.75,477.0,4.0,959.0,476.0,961.0,479.0
1105,0,1106,0,Plaques,1.0,0.0,1008.0,476.5,6.0,1007.0,476.0,1010.0,478.0
1106,0,1107,0,Plaques,1.0,0.0,1041.0,477.2,10.0,1040.0,476.0,1043.0,480.0
1107,0,1108,0,Plaques,1.0,0.0,1168.4166,477.75,12.0,1167.0,476.0,1171.0,480.0
1108,0,1109,0,Plaques,1.0,0.0,1471.9166,476.41666,12.0,1469.0,476.0,1476.0,478.0
1109,0,1110,0,Plaques,1.0,0.0,1530.3334,476.33334,3.0,1530.0,476.0,1532.0,478.0
1110,0,1111,0,Plaques,1.0,0.0,446.0,477.25,4.0,445.0,477.0,448.0,479.0
1111,0,1112,0,Plaques,1.0,0.0,578.6667,477.66666,3.0,578.0,477.0,580.0,479.0
1112,0,1113,0,Plaques,1.0,0.0,819.0,480.13043,23.0,816.0,477.0,823.0,484.0
1113,0,1114,0,Plaques,1.0,0.0,878.05554,478.3889,18.0,876.0,477.0,882.0,481.0
1114,0,1115,0,Plaques,1.0,0.0,967.0,477.7143,7.0,966.0,477.0,969.0,480.0
1115,0,1116,0,Plaques,1.0,0.0,1385.125,478.125,8.0,1384.0,477.0,1387.0,480.0
1116,0,1117,0,Plaques,1.0,0.0,904.0,478.7143,7.0,903.0,478.0,906.0,481.0
1117,0,1118,0,Plaques,1.0,0.0,1373.7142,479.0,7.0,1373.0,478.0,1376.0,481.0
1118,0,1119,0,Plaques,1.0,0.0,1483.5,478.5,4.0,1483.0,478.0,1485.0,480.0
1119,0,1120,0,Plaques,1.0,0.0,1517.0,479.8,10.0,1516.0,478.0,1519.0,482.0
1120,0,1121,0,Plaques,1.0,0.0,538.5,479.5,4.0,538.0,479.0,540.0,481.0
1121,0,1122,0,Plaques,1.0,0.0,892.0,482.57144,28.0,889.0,479.0,895.0,487.0
1122,0,1123,0,Plaques,1.0,0.0,983.8,479.4,5.0,983.0,479.0,986.0,481.0
1123,0,1124,0,Plaques,1.0,0.0,1477.0,480.53333,15.0,1475.0,479.0,1480.0,484.0
1124,0,1125,0,Plaques,1.0,0.0,591.125,480.875,8.0,590.0,480.0,593.0,483.0
1125,0,1126,0,Plaques,1.0,0.0,908.5,481.0,6.0,908.0,480.0,910.0,483.0
1126,0,1127,0,Plaques,1.0,0.0,1134.0,480.25,4.0,1133.0,480.0,1136.0,482.0
1127,0,1128,0,Plaques,1.0,0.0,1508.3334,480.33334,3.0,1508.0,480.0,1510.0,482.0
1128,0,1129,0,Plaques,1.0,0.0,920.3333,481.33334,3.0,920.0,481.0,922.0,483.0
1129,0,1130,0,Plaques,1.0,0.0,925.5,481.5,4.0,925.0,481.0,927.0,483.0
1130,0,1131,0,Plaques,1.0,0.0,1464.579,485.44736,38.0,1462.0,481.0,1468.0,492.0
1131,0,1132,0,Plaques,1.0,0.0,956.6667,482.66666,3.0,956.0,482.0,958.0,484.0
1132,0,1133,0,Plaques,1.0,0.0,1036.5,483.0,6.0,1036.0,482.0,1038.0,485.0
1133,0,1134,0,Plaques,1.0,0.0,1377.7142,483.0,7.0,1377.0,482.0,1380.0,485.0
1134,0,1135,0,Plaques,1.0,0.0,1410.0,482.25,4.0,1409.0,482.0,1412.0,484.0
1135,0,1136,0,Plaques,1.0,0.0,1470.6923,486.03845,26.0,1469.0,482.0,1473.0,491.0
1136,0,1137,0,Plaques,1.0,0.0,1502.4,483.4,15.0,1501.0,482.0,1505.0,486.0
1137,0,1138,0,Plaques,1.0,0.0,520.6923,484.0,13.0,519.0,483.0,524.0,486.0
1138,0,1139,0,Plaques,1.0,0.0,545.5,483.5,4.0,545.0,483.0,547.0,485.0
1139,0,1140,0,Plaques,1.0,0.0,718.5,484.2,10.0,717.0,483.0,721.0,486.0
1140,0,1141,0,Plaques,1.0,0.0,842.5,484.5,12.0,841.0,483.0,845.0,487.0
1141,0,1142,0,Plaques,1.0,0.0,881.625,485.625,16.0,880.0,483.0,885.0,489.0
1142,0,1143,0,Plaques,1.0,0.0,992.5,483.5,4.0,992.0,483.0,994.0,485.0
1143,0,1144,0,Plaques,1.0,0.0,1125.25,486.0,8.0,1125.0,483.0,1127.0,489.0
1144,0,1145,0,Plaques,1.0,0.0,1369.3334,483.33334,3.0,1369.0,483.0,1371.0,485.0
1145,0,1146,0,Plaques,1.0,0.0,533.5,484.5,4.0,533.0,484.0,535.0,486.0
1146,0,1147,0,Plaques,1.0,0.0,864.8333,484.91666,12.0,863.0,484.0,868.0,487.0
1147,0,1148,0,Plaques,1.0,0.0,873.75,485.5,16.0,872.0,484.0,877.0,488.0
1148,0,1149,0,Plaques,1.0,0.0,1017.1177,486.7647,17.0,1016.0,484.0,1019.0,491.0
1149,0,1150,0,Plaques,1.0,0.0,1030.0,485.0,5.0,1029.0,484.0,1032.0,487.0
1150,0,1151,0,Plaques,1.0,0.0,1160.7142,485.7143,7.0,1160.0,484.0,1163.0,488.0
1151,0,1152,0,Plaques,1.0,0.0,1327.6666,485.66666,3.0,1327.0,485.0,1329.0,487.0
1152,0,1153,0,Plaques,1.0,0.0,1344.6666,485.33334,3.0,1344.0,485.0,1346.0,487.0
1153,0,1154,0,Plaques,1.0,0.0,816.5,487.0,6.0,816.0,486.0,818.0,489.0
1154,0,1155,0,Plaques,1.0,0.0,827.9938,492.9875,160.0,812.0,486.0,845.0,504.0
1155,0,1156,0,Plaques,1.0,0.0,848.63635,489.0909,22.0,846.0,486.0,852.0,493.0
1156,0,1157,0,Plaques,1.0,0.0,1135.0,487.0,9.0,1134.0,486.0,1137.0,489.0
1157,0,1158,0,Plaques,1.0,0.0,1366.0,486.5,6.0,1365.0,486.0,1368.0,488.0
1158,0,1159,0,Plaques,1.0,0.0,1393.6666,486.8889,9.0,1392.0,486.0,1396.0,489.0
1159,0,1160,0,Plaques,1.0,0.0,1492.8334,487.16666,6.0,1492.0,486.0,1495.0,489.0
1160,0,1161,0,Plaques,1.0,0.0,902.5,487.5,4.0,902.0,487.0,904.0,489.0
1161,0,1162,0,Plaques,1.0,0.0,1009.7143,488.0,7.0,1009.0,487.0,1012.0,490.0
1162,0,1163,0,Plaques,1.0,0.0,1024.5,489.0,16.0,1023.0,487.0,1027.0,492.0
1163,0,1164,0,Plaques,1.0,0.0,587.5,488.5,4.0,587.0,488.0,589.0,490.0
1164,0,1165,0,Plaques,1.0,0.0,1762.5,490.0,16.0,1761.0,488.0,1765.0,493.0
1165,0,1166,0,Plaques,1.0,0.0,567.25,490.0,4.0,567.0,489.0,569.0,492.0
1166,0,1167,0,Plaques,1.0,0.0,975.6667,489.33334,3.0,975.0,489.0,977.0,491.0
1167,0,1168,0,Plaques,1.0,0.0,1479.3572,491.0,14.0,1478.0,489.0,1482.0,494.0
1168,0,1169,0,Plaques,1.0,0.0,343.33334,490.66666,3.0,343.0,490.0,345.0,492.0
1169,0,1170,0,Plaques,1.0,0.0,865.61536,491.6154,13.0,864.0,490.0,868.0,494.0
1170,0,1171,0,Plaques,1.0,0.0,885.4545,492.04544,22.0,883.0,490.0,888.0,496.0
1171,0,1172,0,Plaques,1.0,0.0,1376.0,490.5,6.0,1375.0,490.0,1378.0,492.0
1172,0,1173,0,Plaques,1.0,0.0,1496.6666,490.66666,3.0,1496.0,490.0,1498.0,492.0
1173,0,1174,0,Plaques,1.0,0.0,854.3333,492.53333,15.0,852.0,491.0,857.0,495.0
1174,0,1175,0,Plaques,1.0,0.0,1036.0,492.5,12.0,1035.0,491.0,1038.0,495.0
1175,0,1176,0,Plaques,1.0,0.0,1131.1691,495.28168,71.0,1125.0,491.0,1139.0,500.0
1176,0,1177,0,Plaques,1.0,0.0,1257.3334,491.66666,3.0,1257.0,491.0,1259.0,493.0
1177,0,1178,0,Plaques,1.0,0.0,1454.0,494.1875,32.0,1451.0,491.0,1458.0,499.0
1178,0,1179,0,Plaques,1.0,0.0,876.0,493.125,8.0,874.0,492.0,879.0,495.0
1179,0,1180,0,Plaques,1.0,0.0,903.5,493.0,6.0,903.0,492.0,905.0,495.0
1180,0,1181,0,Plaques,1.0,0.0,984.0,493.0,9.0,983.0,492.0,986.0,495.0
1181,0,1182,0,Plaques,1.0,0.0,961.5,493.5,4.0,961.0,493.0,963.0,495.0
1182,0,1183,0,Plaques,1.0,0.0,999.3333,493.33334,3.0,999.0,493.0,1001.0,495.0
1183,0,1184,0,Plaques,1.0,0.0,1379.8,496.57144,35.0,1377.0,493.0,1384.0,502.0
1184,0,1185,0,Plaques,1.0,0.0,1780.6666,493.66666,3.0,1780.0,493.0,1782.0,495.0
1185,0,1186,0,Plaques,1.0,0.0,935.5,494.5,4.0,935.0,494.0,937.0,496.0
1186,0,1187,0,Plaques,1.0,0.0,1386.4546,495.18182,11.0,1385.0,494.0,1389.0,498.0
1187,0,1188,0,Plaques,1.0,0.0,1392.5,494.5,4.0,1392.0,494.0,1394.0,496.0
1188,0,1189,0,Plaques,1.0,0.0,577.8889,496.66666,9.0,577.0,495.0,580.0,499.0
1189,0,1190,0,Plaques,1.0,0.0,824.2857,496.5,14.0,823.0,495.0,827.0,499.0
1190,0,1191,0,Plaques,1.0,0.0,868.4286,497.2857,7.0,868.0,496.0,870.0,500.0
1191,0,1192,0,Plaques,1.0,0.0,915.5,496.5,4.0,915.0,496.0,917.0,498.0
1192,0,1193,0,Plaques,1.0,0.0,1495.5,496.5,4.0,1495.0,496.0,1497.0,498.0
1193,0,1194,0,Plaques,1.0,0.0,582.6667,497.66666,3.0,582.0,497.0,584.0,499.0
1194,0,1195,0,Plaques,1.0,0.0,904.0,499.0,11.0,903.0,497.0,906.0,502.0
1195,0,1196,0,Plaques,1.0,0.0,996.0,498.2857,7.0,995.0,497.0,998.0,500.0
1196,0,1197,0,Plaques,1.0,0.0,1043.2354,498.52942,17.0,1041.0,497.0,1046.0,502.0
1197,0,1198,0,Plaques,1.0,0.0,1147.091,498.72726,11.0,1146.0,497.0,1149.0,502.0
1198,0,1199,0,Plaques,1.0,0.0,1368.3871,499.35483,31.0,1365.0,497.0,1373.0,503.0
1199,0,1200,0,Plaques,1.0,0.0,1449.0,498.5,6.0,1448.0,498.0,1451.0,500.0
1200,0,1201,0,Plaques,1.0,0.0,1463.04,499.56,25.0,1459.0,498.0,1469.0,502.0
1201,0,1202,0,Plaques,1.0,0.0,1475.3334,498.33334,3.0,1475.0,498.0,1477.0,500.0
1202,0,1203,0,Plaques,1.0,0.0,832.75,500.33334,12.0,831.0,499.0,835.0,503.0
1203,0,1204,0,Plaques,1.0,0.0,848.2368,501.4737,38.0,844.0,499.0,853.0,507.0
1204,0,1205,0,Plaques,1.0,0.0,862.5,500.0,6.0,862.0,499.0,864.0,502.0
1205,0,1206,0,Plaques,1.0,0.0,880.0,500.26315,19.0,877.0,499.0,884.0,503.0
1206,0,1207,0,Plaques,1.0,0.0,1324.5,499.5,4.0,1324.0,499.0,1326.0,501.0
1207,0,1208,0,Plaques,1.0,0.0,1493.875,499.875,8.0,1493.0,499.0,1496.0,502.0
1208,0,1209,0,Plaques,1.0,0.0,779.7909,505.20908,110.0,767.0,500.0,794.0,512.0
1209,0,1210,0,Plaques,1.0,0.0,933.5,501.0,8.0,932.0,500.0,936.0,503.0
1210,0,1211,0,Plaques,1.0,0.0,1143.75,500.75,4.0,1143.0,500.0,1145.0,503.0
1211,0,1212,0,Plaques,1.0,0.0,1166.6538,502.80768,26.0,1164.0,500.0,1170.0,508.0
1212,0,1213,0,Plaques,1.0,0.0,1251.6875,501.9375,16.0,1250.0,500.0,1254.0,505.0
1213,0,1214,0,Plaques,1.0,0.0,1383.5,501.5,8.0,1383.0,500.0,1385.0,504.0
1214,0,1215,0,Plaques,1.0,0.0,215.125,502.125,8.0,214.0,501.0,217.0,504.0
1215,0,1216,0,Plaques,1.0,0.0,913.5,502.0,10.0,912.0,501.0,916.0,504.0
1216,0,1217,0,Plaques,1.0,0.0,958.0,502.5,8.0,957.0,501.0,960.0,505.0
1217,0,1218,0,Plaques,1.0,0.0,970.5,501.5,4.0,970.0,501.0,972.0,503.0
1218,0,1219,0,Plaques,1.0,0.0,986.5,502.0,6.0,986.0,501.0,988.0,504.0
1219,0,1220,0,Plaques,1.0,0.0,1173.6,501.8,5.0,1173.0,501.0,1175.0,504.0
1220,0,1221,0,Plaques,1.0,0.0,823.1212,506.9394,33.0,819.0,502.0,827.0,511.0
1221,0,1222,0,Plaques,1.0,0.0,1024.9474,504.6316,19.0,1023.0,502.0,1028.0,508.0
1222,0,1223,0,Plaques,1.0,0.0,1038.8572,502.7143,7.0,1038.0,502.0,1041.0,505.0
1223,0,1224,0,Plaques,1.0,0.0,1130.5,504.6,20.0,1129.0,502.0,1133.0,508.0
1224,0,1225,0,Plaques,1.0,0.0,1441.5,502.5,4.0,1441.0,502.0,1443.0,504.0
1225,0,1226,0,Plaques,1.0,0.0,325.66666,503.66666,3.0,325.0,503.0,327.0,505.0
1226,0,1227,0,Plaques,1.0,0.0,569.875,503.875,8.0,569.0,503.0,572.0,506.0
1227,0,1228,0,Plaques,1.0,0.0,811.4211,504.78946,19.0,808.0,503.0,815.0,507.0
1228,0,1229,0,Plaques,1.0,0.0,840.5,506.0625,32.0,836.0,503.0,845.0,511.0
1229,0,1230,0,Plaques,1.0,0.0,870.0,505.0,21.0,868.0,503.0,873.0,508.0
1230,0,1231,0,Plaques,1.0,0.0,892.63635,504.45456,11.0,891.0,503.0,895.0,507.0
1231,0,1232,0,Plaques,1.0,0.0,1156.3077,506.92307,39.0,1153.0,503.0,1161.0,512.0
1232,0,1233,0,Plaques,1.0,0.0,1193.5,504.0,6.0,1193.0,503.0,1195.0,506.0
1233,0,1234,0,Plaques,1.0,0.0,1334.0,504.0,3.0,1334.0,503.0,1335.0,506.0
1234,0,1235,0,Plaques,1.0,0.0,804.8333,504.83334,6.0,804.0,504.0,807.0,507.0
1235,0,1236,0,Plaques,1.0,0.0,1125.7858,507.2857,14.0,1125.0,504.0,1128.0,511.0
1236,0,1237,0,Plaques,1.0,0.0,1149.1666,505.83334,6.0,1149.0,504.0,1151.0,509.0
1237,0,1238,0,Plaques,1.0,0.0,1264.5,504.5,4.0,1264.0,504.0,1266.0,506.0
1238,0,1239,0,Plaques,1.0,0.0,1499.8,504.4,5.0,1499.0,504.0,1502.0,506.0
1239,0,1240,0,Plaques,1.0,0.0,219.75,505.625,8.0,218.0,505.0,222.0,508.0
1240,0,1241,0,Plaques,1.0,0.0,879.1429,506.75,28.0,875.0,505.0,885.0,509.0
1241,0,1242,0,Plaques,1.0,0.0,1031.04,509.8,25.0,1029.0,505.0,1034.0,514.0
1242,0,1243,0,Plaques,1.0,0.0,1045.0,505.5,6.0,1044.0,505.0,1047.0,507.0
1243,0,1244,0,Plaques,1.0,0.0,1142.9459,510.48648,37.0,1140.0,505.0,1147.0,515.0
1244,0,1245,0,Plaques,1.0,0.0,1188.0,506.2857,7.0,1187.0,505.0,1190.0,508.0
1245,0,1246,0,Plaques,1.0,0.0,1369.6992,512.06506,123.0,1357.0,505.0,1382.0,527.0
1246,0,1247,0,Plaques,1.0,0.0,1488.3636,506.45456,11.0,1487.0,505.0,1491.0,509.0
1247,0,1248,0,Plaques,1.0,0.0,864.0,506.7143,7.0,863.0,506.0,866.0,509.0
1248,0,1249,0,Plaques,1.0,0.0,972.5,506.5,4.0,972.0,506.0,974.0,508.0
1249,0,1250,0,Plaques,1.0,0.0,992.6667,506.66666,3.0,992.0,506.0,994.0,508.0
1250,0,1251,0,Plaques,1.0,0.0,1006.875,506.875,8.0,1006.0,506.0,1009.0,509.0
1251,0,1252,0,Plaques,1.0,0.0,1016.8333,507.16666,6.0,1016.0,506.0,1019.0,509.0
1252,0,1253,0,Plaques,1.0,0.0,1459.6364,507.36365,11.0,1458.0,506.0,1462.0,510.0
1253,0,1254,0,Plaques,1.0,0.0,423.63635,508.0909,11.0,422.0,507.0,426.0,510.0
1254,0,1255,0,Plaques,1.0,0.0,1048.0,508.0,7.0,1047.0,507.0,1050.0,510.0
1255,0,1256,0,Plaques,1.0,0.0,1136.4445,508.77777,9.0,1136.0,507.0,1138.0,512.0
1256,0,1257,0,Plaques,1.0,0.0,1777.2858,508.0,7.0,1776.0,507.0,1779.0,510.0
1257,0,1258,0,Plaques,1.0,0.0,781.5,509.7,20.0,779.0,508.0,785.0,513.0
1258,0,1259,0,Plaques,1.0,0.0,798.2619,509.90475,42.0,792.0,508.0,805.0,513.0
1259,0,1260,0,Plaques,1.0,0.0,813.85297,511.35294,34.0,810.0,508.0,818.0,516.0
1260,0,1261,0,Plaques,1.0,0.0,830.46155,509.15384,13.0,829.0,508.0,833.0,512.0
1261,0,1262,0,Plaques,1.0,0.0,858.1579,510.94736,19.0,856.0,508.0,861.0,514.0
1262,0,1263,0,Plaques,1.0,0.0,888.6667,508.66666,3.0,888.0,508.0,890.0,510.0
1263,0,1264,0,Plaques,1.0,0.0,1039.6875,511.84375,32.0,1037.0,508.0,1043.0,516.0
1264,0,1265,0,Plaques,1.0,0.0,1197.3334,508.33334,3.0,1197.0,508.0,1199.0,510.0
1265,0,1266,0,Plaques,1.0,0.0,1467.5,508.5,4.0,1467.0,508.0,1469.0,510.0
1266,0,1267,0,Plaques,1.0,0.0,1495.2858,509.0,7.0,1494.0,508.0,1497.0,511.0
1267,0,1268,0,Plaques,1.0,0.0,386.0,509.5,6.0,385.0,509.0,388.0,511.0
1268,0,1269,0,Plaques,1.0,0.0,896.5,509.5,4.0,896.0,509.0,898.0,511.0
1269,0,1270,0,Plaques,1.0,0.0,907.7143,510.0,7.0,907.0,509.0,910.0,512.0
1270,0,1271,0,Plaques,1.0,0.0,913.0,509.5,6.0,912.0,509.0,915.0,511.0
1271,0,1272,0,Plaques,1.0,0.0,1250.8889,510.33334,9.0,1250.0,509.0,1253.0,513.0
1272,0,1273,0,Plaques,1.0,0.0,1452.8,510.0,10.0,1451.0,509.0,1455.0,512.0
1273,0,1274,0,Plaques,1.0,0.0,1785.6,511.97144,35.0,1783.0,509.0,1790.0,516.0
1274,0,1275,0,Plaques,1.0,0.0,1796.5,509.5,4.0,1796.0,509.0,1798.0,511.0
1275,0,1276,0,Plaques,1.0,0.0,419.125,511.125,8.0,418.0,510.0,421.0,513.0
1276,0,1277,0,Plaques,1.0,0.0,454.16666,510.83334,6.0,453.0,510.0,456.0,513.0
1277,0,1278,0,Plaques,1.0,0.0,790.0417,515.6458,48.0,786.0,510.0,795.0,521.0
1278,0,1279,0,Plaques,1.0,0.0,806.0625,513.1875,16.0,805.0,510.0,808.0,517.0
1279,0,1280,0,Plaques,1.0,0.0,870.4074,512.4815,27.0,867.0,510.0,876.0,516.0
1280,0,1281,0,Plaques,1.0,0.0,1003.0,511.2,10.0,1002.0,510.0,1005.0,514.0
1281,0,1282,0,Plaques,1.0,0.0,1267.1818,511.54544,11.0,1266.0,510.0,1270.0,514.0
1282,0,1283,0,Plaques,1.0,0.0,836.3333,511.33334,3.0,836.0,511.0,838.0,513.0
1283,0,1284,0,Plaques,1.0,0.0,848.5,511.5,4.0,848.0,511.0,850.0,513.0
1284,0,1285,0,Plaques,1.0,0.0,972.5,511.5,4.0,972.0,511.0,974.0,513.0
1285,0,1286,0,Plaques,1.0,0.0,449.2,512.6,5.0,448.0,512.0,451.0,514.0
1286,0,1287,0,Plaques,1.0,0.0,886.5,513.0,6.0,886.0,512.0,888.0,515.0
1287,0,1288,0,Plaques,1.0,0.0,1046.6,512.8,5.0,1046.0,512.0,1048.0,515.0
1288,0,1289,0,Plaques,1.0,0.0,1151.0952,516.0952,21.0,1150.0,512.0,1154.0,520.0
1289,0,1290,0,Plaques,1.0,0.0,1200.0,513.0,9.0,1199.0,512.0,1202.0,515.0
1290,0,1291,0,Plaques,1.0,0.0,1206.5,512.5,4.0,1206.0,512.0,1208.0,514.0
1291,0,1292,0,Plaques,1.0,0.0,1444.1666,512.3333,6.0,1443.0,512.0,1447.0,514.0
1292,0,1293,0,Plaques,1.0,0.0,394.18182,514.9091,11.0,393.0,513.0,396.0,518.0
1293,0,1294,0,Plaques,1.0,0.0,406.5,513.5,4.0,406.0,513.0,408.0,515.0
1294,0,1295,0,Plaques,1.0,0.0,570.0,513.5,6.0,569.0,513.0,572.0,515.0
1295,0,1296,0,Plaques,1.0,0.0,762.56433,522.3267,101.0,757.0,513.0,768.0,532.0
1296,0,1297,0,Plaques,1.0,0.0,952.5,513.5,4.0,952.0,513.0,954.0,515.0
1297,0,1298,0,Plaques,1.0,0.0,976.82355,514.7647,17.0,975.0,513.0,980.0,518.0
1298,0,1299,0,Plaques,1.0,0.0,1025.625,515.3125,16.0,1022.0,513.0,1029.0,519.0
1299,0,1300,0,Plaques,1.0,0.0,780.7222,516.2778,18.0,779.0,514.0,784.0,520.0
1300,0,1301,0,Plaques,1.0,0.0,825.3889,521.5185,54.0,822.0,514.0,829.0,529.0
1301,0,1302,0,Plaques,1.0,0.0,843.75,515.125,8.0,842.0,514.0,846.0,517.0
1302,0,1303,0,Plaques,1.0,0.0,1134.5,515.2857,14.0,1133.0,514.0,1137.0,518.0
1303,0,1304,0,Plaques,1.0,0.0,1360.0834,516.8333,24.0,1358.0,514.0,1363.0,521.0
1304,0,1305,0,Plaques,1.0,0.0,366.66666,515.3333,3.0,366.0,515.0,368.0,517.0
1305,0,1306,0,Plaques,1.0,0.0,639.3333,515.8889,9.0,638.0,515.0,642.0,518.0
1306,0,1307,0,Plaques,1.0,0.0,829.8333,516.3333,6.0,829.0,515.0,832.0,518.0
1307,0,1308,0,Plaques,1.0,0.0,873.5417,518.2083,24.0,870.0,515.0,877.0,522.0
1308,0,1309,0,Plaques,1.0,0.0,892.5333,516.73334,15.0,891.0,515.0,896.0,519.0
1309,0,1310,0,Plaques,1.0,0.0,1008.44446,516.2222,9.0,1007.0,515.0,1011.0,519.0
1310,0,1311,0,Plaques,1.0,0.0,1125.5,517.5,12.0,1125.0,515.0,1127.0,521.0
1311,0,1312,0,Plaques,1.0,0.0,1188.0,516.0,9.0,1187.0,515.0,1190.0,518.0
1312,0,1313,0,Plaques,1.0,0.0,1264.5,515.5,4.0,1264.0,515.0,1266.0,517.0
1313,0,1314,0,Plaques,1.0,0.0,1317.5,516.0,6.0,1317.0,515.0,1319.0,518.0
1314,0,1315,0,Plaques,1.0,0.0,1366.6666,516.3333,9.0,1366.0,515.0,1369.0,519.0
1315,0,1316,0,Plaques,1.0,0.0,1448.8334,515.8333,6.0,1448.0,515.0,1451.0,518.0
1316,0,1317,0,Plaques,1.0,0.0,1458.0,515.5,6.0,1457.0,515.0,1460.0,517.0
1317,0,1318,0,Plaques,1.0,0.0,456.2143,517.6429,14.0,454.0,516.0,459.0,520.0
1318,0,1319,0,Plaques,1.0,0.0,774.0,516.5,10.0,772.0,516.0,777.0,518.0
1319,0,1320,0,Plaques,1.0,0.0,796.76,519.44,25.0,794.0,516.0,800.0,524.0
1320,0,1321,0,Plaques,1.0,0.0,835.9375,517.3125,16.0,834.0,516.0,839.0,520.0
1321,0,1322,0,Plaques,1.0,0.0,852.0833,516.9167,12.0,850.0,516.0,855.0,519.0
1322,0,1323,0,Plaques,1.0,0.0,860.68,520.26,50.0,856.0,516.0,866.0,528.0
1323,0,1324,0,Plaques,1.0,0.0,904.0,517.0,7.0,903.0,516.0,906.0,519.0
1324,0,1325,0,Plaques,1.0,0.0,1249.7273,517.0909,11.0,1248.0,516.0,1253.0,519.0
1325,0,1326,0,Plaques,1.0,0.0,1335.6154,517.8461,13.0,1334.0,516.0,1338.0,521.0
1326,0,1327,0,Plaques,1.0,0.0,802.7143,518.9286,14.0,801.0,517.0,805.0,522.0
1327,0,1328,0,Plaques,1.0,0.0,810.5,519.3182,22.0,808.0,517.0,814.0,522.0
1328,0,1329,0,Plaques,1.0,0.0,1211.6,518.2,5.0,1211.0,517.0,1213.0,520.0
1329,0,1330,0,Plaques,1.0,0.0,1798.0,517.5,6.0,1797.0,517.0,1800.0,519.0
1330,0,1331,0,Plaques,1.0,0.0,422.4,519.2,5.0,422.0,518.0,424.0,521.0
1331,0,1332,0,Plaques,1.0,0.0,432.25,519.25,8.0,431.0,518.0,435.0,521.0
1332,0,1333,0,Plaques,1.0,0.0,490.4,519.8,10.0,489.0,518.0,493.0,522.0
1333,0,1334,0,Plaques,1.0,0.0,817.6923,519.0,13.0,815.0,518.0,821.0,521.0
1334,0,1335,0,Plaques,1.0,0.0,882.3333,518.7778,9.0,881.0,518.0,885.0,521.0
1335,0,1336,0,Plaques,1.0,0.0,910.7143,519.0,7.0,910.0,518.0,913.0,521.0
1336,0,1337,0,Plaques,1.0,0.0,915.5,519.0,6.0,915.0,518.0,917.0,521.0
1337,0,1338,0,Plaques,1.0,0.0,924.5,518.5,4.0,924.0,518.0,926.0,520.0
1338,0,1339,0,Plaques,1.0,0.0,1046.6666,519.3333,12.0,1045.0,518.0,1049.0,522.0
1339,0,1340,0,Plaques,1.0,0.0,1140.4166,519.75,12.0,1139.0,518.0,1143.0,522.0
1340,0,1341,0,Plaques,1.0,0.0,977.63635,520.4545,11.0,976.0,519.0,980.0,523.0
1341,0,1342,0,Plaques,1.0,0.0,1020.0,521.0,13.0,1019.0,519.0,1022.0,524.0
1342,0,1343,0,Plaques,1.0,0.0,1163.7142,521.1429,21.0,1161.0,519.0,1168.0,524.0
1343,0,1344,0,Plaques,1.0,0.0,1262.5,519.5,4.0,1262.0,519.0,1264.0,521.0
1344,0,1345,0,Plaques,1.0,0.0,1439.3334,519.6667,3.0,1439.0,519.0,1441.0,521.0
1345,0,1346,0,Plaques,1.0,0.0,1480.5,520.0,6.0,1480.0,519.0,1482.0,522.0
1346,0,1347,0,Plaques,1.0,0.0,784.8,520.4,5.0,784.0,520.0,787.0,522.0
1347,0,1348,0,Plaques,1.0,0.0,1003.0,520.25,4.0,1002.0,520.0,1005.0,522.0
1348,0,1349,0,Plaques,1.0,0.0,1008.06976,524.3721,43.0,1005.0,520.0,1013.0,529.0
1349,0,1350,0,Plaques,1.0,0.0,1034.75,523.5417,24.0,1033.0,520.0,1039.0,528.0
1350,0,1351,0,Plaques,1.0,0.0,1172.1111,521.6667,9.0,1171.0,520.0,1174.0,524.0
1351,0,1352,0,Plaques,1.0,0.0,1475.5,520.5,4.0,1475.0,520.0,1477.0,522.0
1352,0,1353,0,Plaques,1.0,0.0,380.39285,523.8214,28.0,376.0,521.0,385.0,528.0
1353,0,1354,0,Plaques,1.0,0.0,561.5,522.0,6.0,561.0,521.0,563.0,524.0
1354,0,1355,0,Plaques,1.0,0.0,770.1667,521.8333,6.0,769.0,521.0,772.0,524.0
1355,0,1356,0,Plaques,1.0,0.0,775.0,521.0,3.0,774.0,521.0,777.0,522.0
1356,0,1357,0,Plaques,1.0,0.0,852.49054,524.1321,53.0,846.0,521.0,859.0,528.0
1357,0,1358,0,Plaques,1.0,0.0,945.0,522.9286,14.0,943.0,521.0,948.0,526.0
1358,0,1359,0,Plaques,1.0,0.0,496.0909,523.36365,11.0,495.0,522.0,498.0,526.0
1359,0,1360,0,Plaques,1.0,0.0,816.5,523.0,6.0,816.0,522.0,818.0,525.0
1360,0,1361,0,Plaques,1.0,0.0,835.2222,523.62964,27.0,831.0,522.0,840.0,527.0
1361,0,1362,0,Plaques,1.0,0.0,881.8889,522.7778,9.0,880.0,522.0,885.0,525.0
1362,0,1363,0,Plaques,1.0,0.0,951.8461,524.0,13.0,951.0,522.0,954.0,527.0
1363,0,1364,0,Plaques,1.0,0.0,1136.5,523.0,6.0,1136.0,522.0,1138.0,525.0
1364,0,1365,0,Plaques,1.0,0.0,1148.3846,523.61536,13.0,1147.0,522.0,1151.0,526.0
1365,0,1366,0,Plaques,1.0,0.0,1205.6666,522.6667,3.0,1205.0,522.0,1207.0,524.0
1366,0,1367,0,Plaques,1.0,0.0,1464.0,523.2857,7.0,1463.0,522.0,1466.0,525.0
1367,0,1368,0,Plaques,1.0,0.0,799.5,523.5,4.0,799.0,523.0,801.0,525.0
1368,0,1369,0,Plaques,1.0,0.0,922.8,524.3,10.0,922.0,523.0,925.0,527.0
1369,0,1370,0,Plaques,1.0,0.0,1126.1428,523.8571,7.0,1125.0,523.0,1129.0,526.0
1370,0,1371,0,Plaques,1.0,0.0,1491.5,523.5,8.0,1490.0,523.0,1494.0,525.0
1371,0,1372,0,Plaques,1.0,0.0,492.0,524.25,4.0,491.0,524.0,494.0,526.0
1372,0,1373,0,Plaques,1.0,0.0,929.5,525.6667,12.0,928.0,524.0,932.0,528.0
1373,0,1374,0,Plaques,1.0,0.0,1447.5,524.5,4.0,1447.0,524.0,1449.0,526.0
1374,0,1375,0,Plaques,1.0,0.0,362.9,526.2,10.0,362.0,525.0,365.0,529.0
1375,0,1376,0,Plaques,1.0,0.0,370.66666,525.6667,3.0,370.0,525.0,372.0,527.0
1376,0,1377,0,Plaques,1.0,0.0,407.33334,525.3333,3.0,407.0,525.0,409.0,527.0
1377,0,1378,0,Plaques,1.0,0.0,778.9048,526.9524,21.0,777.0,525.0,782.0,531.0
1378,0,1379,0,Plaques,1.0,0.0,867.3333,526.0,9.0,866.0,525.0,870.0,528.0
1379,0,1380,0,Plaques,1.0,0.0,957.5,525.5,4.0,957.0,525.0,959.0,527.0
1380,0,1381,0,Plaques,1.0,0.0,1434.6364,525.9091,11.0,1433.0,525.0,1437.0,528.0
1381,0,1382,0,Plaques,1.0,0.0,1483.8,525.6,5.0,1483.0,525.0,1486.0,527.0
1382,0,1383,0,Plaques,1.0,0.0,801.625,528.875,16.0,800.0,526.0,805.0,532.0
1383,0,1384,0,Plaques,1.0,0.0,897.875,526.875,8.0,897.0,526.0,900.0,529.0
1384,0,1385,0,Plaques,1.0,0.0,912.5,526.5,4.0,912.0,526.0,914.0,528.0
1385,0,1386,0,Plaques,1.0,0.0,965.125,527.125,8.0,964.0,526.0,967.0,529.0
1386,0,1387,0,Plaques,1.0,0.0,1045.2,526.4,5.0,1044.0,526.0,1047.0,528.0
1387,0,1388,0,Plaques,1.0,0.0,1173.5,527.0,6.0,1173.0,526.0,1175.0,529.0
1388,0,1389,0,Plaques,1.0,0.0,1258.2,526.6,5.0,1257.0,526.0,1260.0,528.0
1389,0,1390,0,Plaques,1.0,0.0,1377.0,527.5,8.0,1376.0,526.0,1379.0,530.0
1390,0,1391,0,Plaques,1.0,0.0,810.7353,530.41174,34.0,808.0,527.0,815.0,536.0
1391,0,1392,0,Plaques,1.0,0.0,819.3077,531.03845,26.0,817.0,527.0,822.0,536.0
1392,0,1393,0,Plaques,1.0,0.0,905.2857,528.0,7.0,904.0,527.0,907.0,530.0
1393,0,1394,0,Plaques,1.0,0.0,973.3333,527.3333,3.0,973.0,527.0,975.0,529.0
1394,0,1395,0,Plaques,1.0,0.0,789.1556,531.73334,45.0,783.0,528.0,795.0,536.0
1395,0,1396,0,Plaques,1.0,0.0,838.3571,529.9286,14.0,837.0,528.0,842.0,533.0
1396,0,1397,0,Plaques,1.0,0.0,955.125,528.875,8.0,954.0,528.0,957.0,531.0
1397,0,1398,0,Plaques,1.0,0.0,1260.0659,532.73627,91.0,1252.0,528.0,1271.0,539.0
1398,0,1399,0,Plaques,1.0,0.0,1325.6666,528.3333,3.0,1325.0,528.0,1327.0,530.0
1399,0,1400,0,Plaques,1.0,0.0,1332.5,528.5,4.0,1332.0,528.0,1334.0,530.0
1400,0,1401,0,Plaques,1.0,0.0,360.0,529.5,6.0,359.0,529.0,362.0,531.0
1401,0,1402,0,Plaques,1.0,0.0,392.5,529.5,4.0,392.0,529.0,394.0,531.0
1402,0,1403,0,Plaques,1.0,0.0,858.5,529.5,4.0,858.0,529.0,860.0,531.0
1403,0,1404,0,Plaques,1.0,0.0,1034.25,530.95,20.0,1032.0,529.0,1037.0,534.0
1404,0,1405,0,Plaques,1.0,0.0,1044.2307,530.88464,26.0,1041.0,529.0,1050.0,534.0
1405,0,1406,0,Plaques,1.0,0.0,1443.3513,532.27026,37.0,1440.0,529.0,1448.0,538.0
1406,0,1407,0,Plaques,1.0,0.0,1781.5,529.5,4.0,1781.0,529.0,1783.0,531.0
1407,0,1408,0,Plaques,1.0,0.0,842.8333,531.5,6.0,842.0,530.0,845.0,534.0
1408,0,1409,0,Plaques,1.0,0.0,1241.0,530.5,6.0,1240.0,530.0,1243.0,532.0
1409,0,1410,0,Plaques,1.0,0.0,1491.5,530.5,4.0,1491.0,530.0,1493.0,532.0
1410,0,1411,0,Plaques,1.0,0.0,828.5,531.5,4.0,828.0,531.0,830.0,533.0
1411,0,1412,0,Plaques,1.0,0.0,917.9286,533.1429,14.0,917.0,531.0,920.0,536.0
1412,0,1413,0,Plaques,1.0,0.0,986.1429,532.2857,7.0,985.0,531.0,988.0,534.0
1413,0,1414,0,Plaques,1.0,0.0,1170.1538,532.53845,13.0,1168.0,531.0,1173.0,535.0
1414,0,1415,0,Plaques,1.0,0.0,1482.5714,531.7143,7.0,1481.0,531.0,1485.0,534.0
1415,0,1416,0,Plaques,1.0,0.0,797.3333,535.1667,18.0,795.0,532.0,800.0,539.0
1416,0,1417,0,Plaques,1.0,0.0,971.0,533.0,9.0,970.0,532.0,973.0,535.0
1417,0,1418,0,Plaques,1.0,0.0,1001.8333,532.8333,6.0,1001.0,532.0,1004.0,535.0
1418,0,1419,0,Plaques,1.0,0.0,1373.909,533.63635,11.0,1373.0,532.0,1376.0,536.0
1419,0,1420,0,Plaques,1.0,0.0,1433.0385,534.6923,26.0,1429.0,532.0,1437.0,538.0
1420,0,1421,0,Plaques,1.0,0.0,1797.5,532.5,4.0,1797.0,532.0,1799.0,534.0
1421,0,1422,0,Plaques,1.0,0.0,575.0,533.75,4.0,574.0,533.0,577.0,535.0
1422,0,1423,0,Plaques,1.0,0.0,766.9286,534.3571,14.0,764.0,533.0,771.0,537.0
1423,0,1424,0,Plaques,1.0,0.0,834.0,533.5,6.0,833.0,533.0,836.0,535.0
1424,0,1425,0,Plaques,1.0,0.0,868.5,533.5,4.0,868.0,533.0,870.0,535.0
1425,0,1426,0,Plaques,1.0,0.0,883.0,533.7143,7.0,882.0,533.0,885.0,536.0
1426,0,1427,0,Plaques,1.0,0.0,993.5625,535.625,16.0,992.0,533.0,996.0,540.0
1427,0,1428,0,Plaques,1.0,0.0,1010.2381,535.1429,21.0,1007.0,533.0,1014.0,539.0
1428,0,1429,0,Plaques,1.0,0.0,1023.1111,534.3333,9.0,1022.0,533.0,1025.0,537.0
1429,0,1430,0,Plaques,1.0,0.0,1161.8889,534.2222,9.0,1160.0,533.0,1164.0,536.0
1430,0,1431,0,Plaques,1.0,0.0,1324.0,534.0,5.0,1323.0,533.0,1326.0,536.0
1431,0,1432,0,Plaques,1.0,0.0,1356.2,533.6,5.0,1355.0,533.0,1358.0,535.0
1432,0,1433,0,Plaques,1.0,0.0,1450.8889,535.3333,9.0,1450.0,534.0,1453.0,538.0
1433,0,1434,0,Plaques,1.0,0.0,1593.875,534.875,8.0,1593.0,534.0,1596.0,537.0
1434,0,1435,0,Plaques,1.0,0.0,1623.5,534.5,4.0,1623.0,534.0,1625.0,536.0
1435,0,1436,0,Plaques,1.0,0.0,374.5,535.5,4.0,374.0,535.0,376.0,537.0
1436,0,1437,0,Plaques,1.0,0.0,775.55554,536.3333,9.0,774.0,535.0,778.0,539.0
1437,0,1438,0,Plaques,1.0,0.0,804.9,537.73334,30.0,802.0,535.0,810.0,542.0
1438,0,1439,0,Plaques,1.0,0.0,838.0,536.8,10.0,837.0,535.0,840.0,539.0
1439,0,1440,0,Plaques,1.0,0.0,1046.6945,538.5,36.0,1044.0,535.0,1050.0,543.0
1440,0,1441,0,Plaques,1.0,0.0,747.0,537.5,10.0,746.0,536.0,749.0,540.0
1441,0,1442,0,Plaques,1.0,0.0,752.8387,539.6774,31.0,749.0,536.0,757.0,545.0
1442,0,1443,0,Plaques,1.0,0.0,781.7273,537.36365,11.0,780.0,536.0,784.0,540.0
1443,0,1444,0,Plaques,1.0,0.0,846.10254,539.9487,39.0,842.0,536.0,851.0,545.0
1444,0,1445,0,Plaques,1.0,0.0,889.9091,537.1818,11.0,888.0,536.0,893.0,539.0
1445,0,1446,0,Plaques,1.0,0.0,907.5,537.0,16.0,905.0,536.0,911.0,539.0
1446,0,1447,0,Plaques,1.0,0.0,975.2857,537.5,14.0,974.0,536.0,978.0,540.0
1447,0,1448,0,Plaques,1.0,0.0,1587.125,536.875,8.0,1586.0,536.0,1589.0,539.0
1448,0,1449,0,Plaques,1.0,0.0,821.2857,539.2857,21.0,819.0,537.0,825.0,542.0
1449,0,1450,0,Plaques,1.0,0.0,898.5,537.5,4.0,898.0,537.0,900.0,539.0
1450,0,1451,0,Plaques,1.0,0.0,946.5,537.5,4.0,946.0,537.0,948.0,539.0
1451,0,1452,0,Plaques,1.0,0.0,1248.3529,540.17645,34.0,1243.0,537.0,1254.0,545.0
1452,0,1453,0,Plaques,1.0,0.0,1367.1493,543.8209,67.0,1362.0,537.0,1373.0,550.0
1453,0,1454,0,Plaques,1.0,0.0,1796.5,537.5,4.0,1796.0,537.0,1798.0,539.0
1454,0,1455,0,Plaques,1.0,0.0,814.61536,539.61536,13.0,813.0,538.0,817.0,542.0
1455,0,1456,0,Plaques,1.0,0.0,1165.7222,540.1111,18.0,1162.0,538.0,1169.0,543.0
1456,0,1457,0,Plaques,1.0,0.0,1322.8,539.26666,15.0,1321.0,538.0,1326.0,542.0
1457,0,1458,0,Plaques,1.0,0.0,1439.225,546.75836,120.0,1431.0,538.0,1447.0,555.0
1458,0,1459,0,Plaques,1.0,0.0,1473.6666,538.3333,3.0,1473.0,538.0,1475.0,540.0
1459,0,1460,0,Plaques,1.0,0.0,765.3333,540.26666,15.0,763.0,539.0,768.0,543.0
1460,0,1461,0,Plaques,1.0,0.0,896.3333,540.1667,6.0,895.0,539.0,898.0,542.0
1461,0,1462,0,Plaques,1.0,0.0,939.125,540.125,8.0,938.0,539.0,941.0,542.0
1462,0,1463,0,Plaques,1.0,0.0,1007.0,540.0,5.0,1006.0,539.0,1009.0,542.0
1463,0,1464,0,Plaques,1.0,0.0,1128.4445,540.7778,9.0,1128.0,539.0,1130.0,544.0
1464,0,1465,0,Plaques,1.0,0.0,1145.8889,541.1667,18.0,1144.0,539.0,1149.0,544.0
1465,0,1466,0,Plaques,1.0,0.0,1354.3572,541.8929,28.0,1351.0,539.0,1358.0,547.0
1466,0,1467,0,Plaques,1.0,0.0,1455.0,540.5,8.0,1454.0,539.0,1457.0,543.0
1467,0,1468,0,Plaques,1.0,0.0,838.36365,541.63635,11.0,837.0,540.0,841.0,544.0
1468,0,1469,0,Plaques,1.0,0.0,853.6774,542.6774,31.0,851.0,540.0,858.0,547.0
1469,0,1470,0,Plaques,1.0,0.0,944.8333,541.1667,6.0,944.0,540.0,947.0,543.0
1470,0,1471,0,Plaques,1.0,0.0,963.2121,543.51514,33.0,960.0,540.0,968.0,547.0
1471,0,1472,0,Plaques,1.0,0.0,1328.5,541.0,6.0,1328.0,540.0,1330.0,543.0
1472,0,1473,0,Plaques,1.0,0.0,1573.7222,542.2222,18.0,1571.0,540.0,1577.0,545.0
1473,0,1474,0,Plaques,1.0,0.0,1599.0,540.5,6.0,1598.0,540.0,1601.0,542.0
1474,0,1475,0,Plaques,1.0,0.0,774.38464,542.7692,13.0,773.0,541.0,777.0,546.0
1475,0,1476,0,Plaques,1.0,0.0,1022.4,542.6,15.0,1021.0,541.0,1025.0,545.0
1476,0,1477,0,Plaques,1.0,0.0,809.0,543.0,9.0,808.0,542.0,811.0,545.0
1477,0,1478,0,Plaques,1.0,0.0,836.12195,550.5122,82.0,829.0,542.0,846.0,557.0
1478,0,1479,0,Plaques,1.0,0.0,859.6667,542.3333,3.0,859.0,542.0,861.0,544.0
1479,0,1480,0,Plaques,1.0,0.0,1052.0,542.25,4.0,1051.0,542.0,1054.0,544.0
1480,0,1481,0,Plaques,1.0,0.0,1185.4463,545.80164,121.0,1171.0,542.0,1197.0,551.0
1481,0,1482,0,Plaques,1.0,0.0,1451.3334,542.3333,3.0,1451.0,542.0,1453.0,544.0
1482,0,1483,0,Plaques,1.0,0.0,743.0,543.75,4.0,742.0,543.0,745.0,545.0
1483,0,1484,0,Plaques,1.0,0.0,1034.2858,544.0,7.0,1033.0,543.0,1036.0,546.0
1484,0,1485,0,Plaques,1.0,0.0,1257.5,543.5,4.0,1257.0,543.0,1259.0,545.0
1485,0,1486,0,Plaques,1.0,0.0,1425.091,544.36365,11.0,1424.0,543.0,1427.0,547.0
1486,0,1487,0,Plaques,1.0,0.0,1586.0,544.0,9.0,1585.0,543.0,1588.0,546.0
1487,0,1488,0,Plaques,1.0,0.0,435.0,545.0,5.0,434.0,544.0,437.0,547.0
1488,0,1489,0,Plaques,1.0,0.0,893.0,545.0,5.0,892.0,544.0,895.0,547.0
1489,0,1490,0,Plaques,1.0,0.0,983.75,545.0,4.0,983.0,544.0,985.0,547.0
1490,0,1491,0,Plaques,1.0,0.0,1153.7778,544.44446,9.0,1152.0,544.0,1157.0,546.0
1491,0,1492,0,Plaques,1.0,0.0,1271.0,544.5,6.0,1270.0,544.0,1273.0,546.0
1492,0,1493,0,Plaques,1.0,0.0,1469.5,544.5,4.0,1469.0,544.0,1471.0,546.0
1493,0,1494,0,Plaques,1.0,0.0,824.8182,547.5909,22.0,823.0,545.0,828.0,551.0
1494,0,1495,0,Plaques,1.0,0.0,1015.25,546.6667,12.0,1014.0,545.0,1018.0,549.0
1495,0,1496,0,Plaques,1.0,0.0,1323.3,546.9,10.0,1322.0,545.0,1326.0,550.0
1496,0,1497,0,Plaques,1.0,0.0,1352.2885,551.63464,52.0,1348.0,545.0,1358.0,559.0
1497,0,1498,0,Plaques,1.0,0.0,242.2,546.6,5.0,241.0,546.0,244.0,548.0
1498,0,1499,0,Plaques,1.0,0.0,756.5,546.5,4.0,756.0,546.0,758.0,548.0
1499,0,1500,0,Plaques,1.0,0.0,836.5,546.5,4.0,836.0,546.0,838.0,548.0
1500,0,1501,0,Plaques,1.0,0.0,953.5,547.0,6.0,953.0,546.0,955.0,549.0
1501,0,1502,0,Plaques,1.0,0.0,1465.5,546.5,4.0,1465.0,546.0,1467.0,548.0
1502,0,1503,0,Plaques,1.0,0.0,286.66666,547.3333,3.0,286.0,547.0,288.0,549.0
1503,0,1504,0,Plaques,1.0,0.0,762.5714,548.2857,7.0,762.0,547.0,764.0,551.0
1504,0,1505,0,Plaques,1.0,0.0,771.2069,550.4138,29.0,768.0,547.0,775.0,556.0
1505,0,1506,0,Plaques,1.0,0.0,777.5,548.0,6.0,777.0,547.0,779.0,550.0
1506,0,1507,0,Plaques,1.0,0.0,784.3333,547.6667,3.0,784.0,547.0,786.0,549.0
1507,0,1508,0,Plaques,1.0,0.0,794.5625,548.625,16.0,793.0,547.0,798.0,551.0
1508,0,1509,0,Plaques,1.0,0.0,801.5,548.0,6.0,801.0,547.0,803.0,550.0
1509,0,1510,0,Plaques,1.0,0.0,902.875,548.125,8.0,902.0,547.0,905.0,550.0
1510,0,1511,0,Plaques,1.0,0.0,909.7143,548.0,7.0,909.0,547.0,912.0,550.0
1511,0,1512,0,Plaques,1.0,0.0,1028.0,548.5,6.0,1027.0,548.0,1030.0,550.0
1512,0,1513,0,Plaques,1.0,0.0,1449.6666,549.6667,12.0,1448.0,548.0,1452.0,552.0
1513,0,1514,0,Plaques,1.0,0.0,1574.4615,549.1539,13.0,1573.0,548.0,1577.0,552.0
1514,0,1515,0,Plaques,1.0,0.0,1132.7675,552.093,43.0,1126.0,549.0,1139.0,557.0
1515,0,1516,0,Plaques,1.0,0.0,1254.6666,549.6667,3.0,1254.0,549.0,1256.0,551.0
1516,0,1517,0,Plaques,1.0,0.0,740.3333,552.0,27.0,737.0,550.0,745.0,555.0
1517,0,1518,0,Plaques,1.0,0.0,884.2,550.6,5.0,883.0,550.0,886.0,552.0
1518,0,1519,0,Plaques,1.0,0.0,941.3333,550.6667,3.0,941.0,550.0,943.0,552.0
1519,0,1520,0,Plaques,1.0,0.0,964.0,551.0,9.0,963.0,550.0,966.0,553.0
1520,0,1521,0,Plaques,1.0,0.0,1057.5834,551.75,12.0,1056.0,550.0,1061.0,554.0
1521,0,1522,0,Plaques,1.0,0.0,1174.6666,550.3333,3.0,1174.0,550.0,1176.0,552.0
1522,0,1523,0,Plaques,1.0,0.0,1584.0,552.0,13.0,1583.0,550.0,1586.0,555.0
1523,0,1524,0,Plaques,1.0,0.0,1595.125,551.125,8.0,1594.0,550.0,1597.0,553.0
1524,0,1525,0,Plaques,1.0,0.0,757.3684,553.0,19.0,755.0,551.0,760.0,556.0
1525,0,1526,0,Plaques,1.0,0.0,812.0,552.6923,13.0,811.0,551.0,814.0,556.0
1526,0,1527,0,Plaques,1.0,0.0,947.93335,552.26666,15.0,946.0,551.0,951.0,555.0
1527,0,1528,0,Plaques,1.0,0.0,1046.0,552.1667,6.0,1045.0,551.0,1048.0,554.0
1528,0,1529,0,Plaques,1.0,0.0,1154.5,551.5,4.0,1154.0,551.0,1156.0,553.0
1529,0,1530,0,Plaques,1.0,0.0,1198.6364,552.0909,11.0,1197.0,551.0,1201.0,554.0
1530,0,1531,0,Plaques,1.0,0.0,1365.5,552.5,6.0,1365.0,551.0,1367.0,555.0
1531,0,1532,0,Plaques,1.0,0.0,1425.9265,558.0147,68.0,1421.0,551.0,1432.0,567.0
1532,0,1533,0,Plaques,1.0,0.0,413.5,552.5,4.0,413.0,552.0,415.0,554.0
1533,0,1534,0,Plaques,1.0,0.0,798.8148,555.4074,27.0,796.0,552.0,802.0,560.0
1534,0,1535,0,Plaques,1.0,0.0,935.6667,552.6667,3.0,935.0,552.0,937.0,554.0
1535,0,1536,0,Plaques,1.0,0.0,954.7143,553.0,7.0,954.0,552.0,957.0,555.0
1536,0,1537,0,Plaques,1.0,0.0,978.8461,553.61536,13.0,977.0,552.0,982.0,556.0
1537,0,1538,0,Plaques,1.0,0.0,1311.5,552.5,4.0,1311.0,552.0,1313.0,554.0
1538,0,1539,0,Plaques,1.0,0.0,1317.0,552.25,4.0,1316.0,552.0,1319.0,554.0
1539,0,1540,0,Plaques,1.0,0.0,787.4783,556.1739,23.0,785.0,553.0,791.0,560.0
1540,0,1541,0,Plaques,1.0,0.0,1040.6981,558.7925,53.0,1034.0,553.0,1046.0,566.0
1541,0,1542,0,Plaques,1.0,0.0,1370.3334,554.1111,9.0,1369.0,553.0,1373.0,556.0
1542,0,1543,0,Plaques,1.0,0.0,1456.5,553.5,4.0,1456.0,553.0,1458.0,555.0
1543,0,1544,0,Plaques,1.0,0.0,778.5833,555.625,24.0,775.0,554.0,783.0,558.0
1544,0,1545,0,Plaques,1.0,0.0,817.3125,556.8125,16.0,816.0,554.0,819.0,561.0
1545,0,1546,0,Plaques,1.0,0.0,854.875,556.625,32.0,852.0,554.0,860.0,561.0
1546,0,1547,0,Plaques,1.0,0.0,909.4667,555.4,15.0,907.0,554.0,913.0,558.0
1547,0,1548,0,Plaques,1.0,0.0,1016.5,554.5,4.0,1016.0,554.0,1018.0,556.0
1548,0,1549,0,Plaques,1.0,0.0,1141.5,554.3333,6.0,1140.0,554.0,1144.0,556.0
1549,0,1550,0,Plaques,1.0,0.0,1191.1666,555.7222,18.0,1187.0,554.0,1197.0,558.0
1550,0,1551,0,Plaques,1.0,0.0,1359.1111,555.3333,9.0,1358.0,554.0,1361.0,558.0
1551,0,1552,0,Plaques,1.0,0.0,283.75,556.0,4.0,283.0,555.0,285.0,558.0
1552,0,1553,0,Plaques,1.0,0.0,737.6286,559.34283,35.0,734.0,555.0,743.0,565.0
1553,0,1554,0,Plaques,1.0,0.0,765.0,555.5,6.0,764.0,555.0,767.0,557.0
1554,0,1555,0,Plaques,1.0,0.0,806.9091,557.2727,11.0,806.0,555.0,809.0,560.0
1555,0,1556,0,Plaques,1.0,0.0,879.3333,555.3333,3.0,879.0,555.0,881.0,557.0
1556,0,1557,0,Plaques,1.0,0.0,940.4167,557.3333,12.0,939.0,555.0,942.0,561.0
1557,0,1558,0,Plaques,1.0,0.0,1056.85,557.25,20.0,1055.0,555.0,1060.0,560.0
1558,0,1559,0,Plaques,1.0,0.0,1177.7847,562.0154,65.0,1173.0,555.0,1183.0,569.0
1559,0,1560,0,Plaques,1.0,0.0,1202.1666,556.1667,6.0,1201.0,555.0,1204.0,558.0
1560,0,1561,0,Plaques,1.0,0.0,1344.7894,557.2105,19.0,1343.0,555.0,1348.0,560.0
1561,0,1562,0,Plaques,1.0,0.0,1437.2,557.7,20.0,1435.0,555.0,1440.0,561.0
1562,0,1563,0,Plaques,1.0,0.0,769.1177,558.82355,17.0,768.0,556.0,772.0,562.0
1563,0,1564,0,Plaques,1.0,0.0,829.84,559.04,25.0,828.0,556.0,833.0,563.0
1564,0,1565,0,Plaques,1.0,0.0,1547.5,557.0,6.0,1547.0,556.0,1549.0,559.0
1565,0,1566,0,Plaques,1.0,0.0,637.9091,558.63635,11.0,637.0,557.0,640.0,561.0
1566,0,1567,0,Plaques,1.0,0.0,755.5,559.0,12.0,754.0,557.0,758.0,562.0
1567,0,1568,0,Plaques,1.0,0.0,1131.0,558.25,8.0,1130.0,557.0,1133.0,561.0
1568,0,1569,0,Plaques,1.0,0.0,745.5,559.6,20.0,743.0,558.0,749.0,562.0
1569,0,1570,0,Plaques,1.0,0.0,933.0,559.0,9.0,932.0,558.0,935.0,561.0
1570,0,1571,0,Plaques,1.0,0.0,1062.7142,559.0,7.0,1062.0,558.0,1065.0,561.0
1571,0,1572,0,Plaques,1.0,0.0,1184.3334,558.3333,3.0,1184.0,558.0,1186.0,560.0
1572,0,1573,0,Plaques,1.0,0.0,1194.0,561.85,20.0,1191.0,558.0,1198.0,568.0
1573,0,1574,0,Plaques,1.0,0.0,1362.6,559.2,5.0,1362.0,558.0,1364.0,561.0
1574,0,1575,0,Plaques,1.0,0.0,1443.1818,559.9091,11.0,1442.0,558.0,1445.0,563.0
1575,0,1576,0,Plaques,1.0,0.0,898.0,559.25,4.0,897.0,559.0,900.0,561.0
1576,0,1577,0,Plaques,1.0,0.0,913.3333,559.3333,3.0,913.0,559.0,915.0,561.0
1577,0,1578,0,Plaques,1.0,0.0,948.2857,560.0,7.0,947.0,559.0,950.0,562.0
1578,0,1579,0,Plaques,1.0,0.0,1048.3636,559.9091,11.0,1047.0,559.0,1051.0,562.0
1579,0,1580,0,Plaques,1.0,0.0,1243.5,560.0,6.0,1243.0,559.0,1245.0,562.0
1580,0,1581,0,Plaques,1.0,0.0,778.8889,561.6667,9.0,778.0,560.0,781.0,564.0
1581,0,1582,0,Plaques,1.0,0.0,804.0526,562.5789,19.0,802.0,560.0,807.0,566.0
1582,0,1583,0,Plaques,1.0,0.0,965.6667,560.6667,3.0,965.0,560.0,967.0,562.0
1583,0,1584,0,Plaques,1.0,0.0,1003.1667,560.8333,6.0,1002.0,560.0,1005.0,563.0
1584,0,1585,0,Plaques,1.0,0.0,1353.7234,566.31915,47.0,1351.0,560.0,1359.0,575.0
1585,0,1586,0,Plaques,1.0,0.0,1544.6666,560.6667,3.0,1544.0,560.0,1546.0,562.0
1586,0,1587,0,Plaques,1.0,0.0,861.8,561.4,5.0,861.0,561.0,864.0,563.0
1587,0,1588,0,Plaques,1.0,0.0,1019.5,561.5,4.0,1019.0,561.0,1021.0,563.0
1588,0,1589,0,Plaques,1.0,0.0,1323.0,562.2857,7.0,1322.0,561.0,1325.0,564.0
1589,0,1590,0,Plaques,1.0,0.0,1347.4286,562.2857,7.0,1347.0,561.0,1349.0,565.0
1590,0,1591,0,Plaques,1.0,0.0,1464.25,561.75,8.0,1463.0,561.0,1467.0,564.0
1591,0,1592,0,Plaques,1.0,0.0,1578.125,562.125,8.0,1577.0,561.0,1580.0,564.0
1592,0,1593,0,Plaques,1.0,0.0,259.0909,563.9091,11.0,257.0,562.0,262.0,567.0
1593,0,1594,0,Plaques,1.0,0.0,789.0,563.5,8.0,788.0,562.0,791.0,566.0
1594,0,1595,0,Plaques,1.0,0.0,838.4667,563.86664,15.0,837.0,562.0,841.0,567.0
1595,0,1596,0,Plaques,1.0,0.0,926.5,563.0,6.0,926.0,562.0,928.0,565.0
1596,0,1597,0,Plaques,1.0,0.0,957.5,562.5,4.0,957.0,562.0,959.0,564.0
1597,0,1598,0,Plaques,1.0,0.0,1013.1667,562.8333,6.0,1012.0,562.0,1015.0,565.0
1598,0,1599,0,Plaques,1.0,0.0,1064.0,562.5,6.0,1063.0,562.0,1066.0,564.0
1599,0,1600,0,Plaques,1.0,0.0,1157.0343,572.2059,204.0,1148.0,562.0,1166.0,584.0
1600,0,1601,0,Plaques,1.0,0.0,1168.0769,565.8077,26.0,1166.0,562.0,1171.0,571.0
1601,0,1602,0,Plaques,1.0,0.0,1204.8235,564.5294,17.0,1203.0,562.0,1208.0,568.0
1602,0,1603,0,Plaques,1.0,0.0,1363.6666,563.0,9.0,1362.0,562.0,1366.0,565.0
1603,0,1604,0,Plaques,1.0,0.0,1472.3334,562.3333,3.0,1472.0,562.0,1474.0,564.0
1604,0,1605,0,Plaques,1.0,0.0,492.6,563.8,5.0,492.0,563.0,494.0,566.0
1605,0,1606,0,Plaques,1.0,0.0,734.9091,564.63635,11.0,734.0,563.0,737.0,567.0
1606,0,1607,0,Plaques,1.0,0.0,855.9167,564.6667,12.0,854.0,563.0,859.0,567.0
1607,0,1608,0,Plaques,1.0,0.0,918.8,563.4,5.0,918.0,563.0,921.0,565.0
1608,0,1609,0,Plaques,1.0,0.0,1130.0,564.5,4.0,1130.0,563.0,1131.0,567.0
1609,0,1610,0,Plaques,1.0,0.0,1247.5,564.5,6.0,1247.0,563.0,1249.0,567.0
1610,0,1611,0,Plaques,1.0,0.0,1302.3,564.55,20.0,1299.0,563.0,1306.0,567.0
1611,0,1612,0,Plaques,1.0,0.0,1412.5,563.5,4.0,1412.0,563.0,1414.0,565.0
1612,0,1613,0,Plaques,1.0,0.0,1434.7142,564.2857,14.0,1432.0,563.0,1438.0,567.0
1613,0,1614,0,Plaques,1.0,0.0,274.33334,564.3333,3.0,274.0,564.0,276.0,566.0
1614,0,1615,0,Plaques,1.0,0.0,812.4762,565.5714,21.0,809.0,564.0,817.0,568.0
1615,0,1616,0,Plaques,1.0,0.0,844.64703,564.7647,17.0,842.0,564.0,849.0,567.0
1616,0,1617,0,Plaques,1.0,0.0,1216.3334,564.3333,3.0,1216.0,564.0,1218.0,566.0
1617,0,1618,0,Plaques,1.0,0.0,1312.4,566.64,25.0,1308.0,564.0,1318.0,569.0
1618,0,1619,0,Plaques,1.0,0.0,1604.5,565.0,6.0,1604.0,564.0,1606.0,567.0
1619,0,1620,0,Plaques,1.0,0.0,772.8,566.0,10.0,771.0,565.0,775.0,568.0
1620,0,1621,0,Plaques,1.0,0.0,822.2083,567.75,24.0,818.0,565.0,827.0,571.0
1621,0,1622,0,Plaques,1.0,0.0,876.0,566.0,5.0,875.0,565.0,878.0,568.0
1622,0,1623,0,Plaques,1.0,0.0,938.0,566.5,10.0,937.0,565.0,940.0,569.0
1623,0,1624,0,Plaques,1.0,0.0,1056.625,566.8333,24.0,1053.0,565.0,1061.0,570.0
1624,0,1625,0,Plaques,1.0,0.0,1252.5,566.2,10.0,1251.0,565.0,1255.0,568.0
1625,0,1626,0,Plaques,1.0,0.0,1464.1765,567.35297,17.0,1462.0,565.0,1467.0,570.0
1626,0,1627,0,Plaques,1.0,0.0,729.54083,573.32654,98.0,722.0,566.0,740.0,582.0
1627,0,1628,0,Plaques,1.0,0.0,943.0,566.75,4.0,942.0,566.0,945.0,568.0
1628,0,1629,0,Plaques,1.0,0.0,1008.875,567.125,8.0,1008.0,566.0,1011.0,569.0
1629,0,1630,0,Plaques,1.0,0.0,1597.2,566.4,5.0,1596.0,566.0,1599.0,568.0
1630,0,1631,0,Plaques,1.0,0.0,252.5,568.0,6.0,252.0,567.0,254.0,570.0
1631,0,1632,0,Plaques,1.0,0.0,741.625,567.75,8.0,740.0,567.0,744.0,570.0
1632,0,1633,0,Plaques,1.0,0.0,788.36365,568.5455,11.0,787.0,567.0,791.0,571.0
1633,0,1634,0,Plaques,1.0,0.0,1063.68,570.76,25.0,1062.0,567.0,1066.0,576.0
1634,0,1635,0,Plaques,1.0,0.0,1184.5714,568.7143,7.0,1184.0,567.0,1186.0,571.0
1635,0,1636,0,Plaques,1.0,0.0,497.0,568.25,4.0,496.0,568.0,499.0,570.0
1636,0,1637,0,Plaques,1.0,0.0,755.7647,570.41174,17.0,754.0,568.0,759.0,573.0
1637,0,1638,0,Plaques,1.0,0.0,805.2,568.6,5.0,804.0,568.0,807.0,570.0
1638,0,1639,0,Plaques,1.0,0.0,983.4,569.9,10.0,982.0,568.0,986.0,572.0
1639,0,1640,0,Plaques,1.0,0.0,1037.1111,569.6667,9.0,1036.0,568.0,1039.0,572.0
1640,0,1641,0,Plaques,1.0,0.0,1049.6428,569.7857,14.0,1048.0,568.0,1052.0,573.0
1641,0,1642,0,Plaques,1.0,0.0,1172.8075,600.53705,2981.0,1129.0,568.0,1229.0,645.0
1642,0,1643,0,Plaques,1.0,0.0,1241.5,568.5,4.0,1241.0,568.0,1243.0,570.0
1643,0,1644,0,Plaques,1.0,0.0,1425.3684,572.7895,19.0,1423.0,568.0,1428.0,577.0
1644,0,1645,0,Plaques,1.0,0.0,1613.6875,569.125,16.0,1611.0,568.0,1617.0,571.0
1645,0,1646,0,Plaques,1.0,0.0,481.7143,570.0,7.0,481.0,569.0,484.0,572.0
1646,0,1647,0,Plaques,1.0,0.0,488.66666,569.6667,3.0,488.0,569.0,490.0,571.0
1647,0,1648,0,Plaques,1.0,0.0,777.3333,569.6667,3.0,777.0,569.0,779.0,571.0
1648,0,1649,0,Plaques,1.0,0.0,800.1071,571.8571,28.0,796.0,569.0,804.0,577.0
1649,0,1650,0,Plaques,1.0,0.0,845.0,569.5,6.0,844.0,569.0,847.0,571.0
1650,0,1651,0,Plaques,1.0,0.0,895.0,569.5,6.0,894.0,569.0,897.0,571.0
1651,0,1652,0,Plaques,1.0,0.0,905.0,569.25,4.0,904.0,569.0,907.0,571.0
1652,0,1653,0,Plaques,1.0,0.0,1301.091,570.1818,11.0,1299.0,569.0,1304.0,572.0
1653,0,1654,0,Plaques,1.0,0.0,1342.0834,571.5,24.0,1339.0,569.0,1346.0,575.0
1654,0,1655,0,Plaques,1.0,0.0,1430.2858,570.0,7.0,1429.0,569.0,1432.0,572.0
1655,0,1656,0,Plaques,1.0,0.0,259.66666,570.8889,9.0,258.0,570.0,262.0,573.0
1656,0,1657,0,Plaques,1.0,0.0,449.15384,571.9231,13.0,448.0,570.0,452.0,575.0
1657,0,1658,0,Plaques,1.0,0.0,874.5263,573.6316,19.0,873.0,570.0,877.0,577.0
1658,0,1659,0,Plaques,1.0,0.0,913.5,570.5,4.0,913.0,570.0,915.0,572.0
1659,0,1660,0,Plaques,1.0,0.0,953.8333,571.1667,6.0,953.0,570.0,956.0,573.0
1660,0,1661,0,Plaques,1.0,0.0,1245.125,571.125,8.0,1244.0,570.0,1247.0,573.0
1661,0,1662,0,Plaques,1.0,0.0,454.5,571.5,4.0,454.0,571.0,456.0,573.0
1662,0,1663,0,Plaques,1.0,0.0,865.5,571.5,4.0,865.0,571.0,867.0,573.0
1663,0,1664,0,Plaques,1.0,0.0,785.875,572.875,8.0,785.0,572.0,788.0,575.0
1664,0,1665,0,Plaques,1.0,0.0,918.2222,573.2222,9.0,916.0,572.0,921.0,575.0
1665,0,1666,0,Plaques,1.0,0.0,975.125,573.125,8.0,974.0,572.0,977.0,575.0
1666,0,1667,0,Plaques,1.0,0.0,1181.9688,575.75,32.0,1179.0,572.0,1186.0,580.0
1667,0,1668,0,Plaques,1.0,0.0,1253.5,572.5,4.0,1253.0,572.0,1255.0,574.0
1668,0,1669,0,Plaques,1.0,0.0,1357.5,572.3333,6.0,1356.0,572.0,1360.0,574.0
1669,0,1670,0,Plaques,1.0,0.0,1418.5,573.2857,14.0,1417.0,572.0,1421.0,576.0
1670,0,1671,0,Plaques,1.0,0.0,1456.6,572.8,5.0,1456.0,572.0,1458.0,575.0
1671,0,1672,0,Plaques,1.0,0.0,1463.0,572.5,6.0,1462.0,572.0,1465.0,574.0
1672,0,1673,0,Plaques,1.0,0.0,1526.5,572.5,4.0,1526.0,572.0,1528.0,574.0
1673,0,1674,0,Plaques,1.0,0.0,431.5,573.5,4.0,431.0,573.0,433.0,575.0
1674,0,1675,0,Plaques,1.0,0.0,819.73334,575.06665,15.0,818.0,573.0,822.0,578.0
1675,0,1676,0,Plaques,1.0,0.0,830.5,574.5,8.0,830.0,573.0,832.0,577.0
1676,0,1677,0,Plaques,1.0,0.0,837.4167,575.3333,24.0,835.0,573.0,841.0,579.0
1677,0,1678,0,Plaques,1.0,0.0,855.0,574.7895,19.0,852.0,573.0,859.0,578.0
1678,0,1679,0,Plaques,1.0,0.0,931.875,573.875,8.0,931.0,573.0,934.0,576.0
1679,0,1680,0,Plaques,1.0,0.0,1032.85,575.25,20.0,1031.0,573.0,1036.0,578.0
1680,0,1681,0,Plaques,1.0,0.0,1038.5,574.0,6.0,1038.0,573.0,1040.0,576.0
1681,0,1682,0,Plaques,1.0,0.0,491.5,574.5,4.0,491.0,574.0,493.0,576.0
1682,0,1683,0,Plaques,1.0,0.0,737.5,574.5,4.0,737.0,574.0,739.0,576.0
1683,0,1684,0,Plaques,1.0,0.0,812.9231,579.86536,52.0,810.0,574.0,817.0,587.0
1684,0,1685,0,Plaques,1.0,0.0,963.0,574.7143,7.0,962.0,574.0,965.0,577.0
1685,0,1686,0,Plaques,1.0,0.0,1043.5,574.5,4.0,1043.0,574.0,1045.0,576.0
1686,0,1687,0,Plaques,1.0,0.0,1056.8462,577.6667,39.0,1053.0,574.0,1060.0,584.0
1687,0,1688,0,Plaques,1.0,0.0,1230.25,575.125,8.0,1229.0,574.0,1233.0,577.0
1688,0,1689,0,Plaques,1.0,0.0,1590.0,574.7143,7.0,1589.0,574.0,1592.0,577.0
1689,0,1690,0,Plaques,1.0,0.0,1600.5,574.5,4.0,1600.0,574.0,1602.0,576.0
1690,0,1691,0,Plaques,1.0,0.0,256.5,575.5,4.0,256.0,575.0,258.0,577.0
1691,0,1692,0,Plaques,1.0,0.0,772.2222,576.1111,9.0,771.0,575.0,774.0,579.0
1692,0,1693,0,Plaques,1.0,0.0,844.37036,577.4815,27.0,842.0,575.0,849.0,581.0
1693,0,1694,0,Plaques,1.0,0.0,1049.3,576.7,10.0,1048.0,575.0,1052.0,579.0
1694,0,1695,0,Plaques,1.0,0.0,1548.3334,575.6667,3.0,1548.0,575.0,1550.0,577.0
1695,0,1696,0,Plaques,1.0,0.0,1553.5,575.5,4.0,1553.0,575.0,1555.0,577.0
1696,0,1697,0,Plaques,1.0,0.0,1580.4166,576.25,12.0,1579.0,575.0,1583.0,579.0
1697,0,1698,0,Plaques,1.0,0.0,598.5,576.5,4.0,598.0,576.0,600.0,578.0
1698,0,1699,0,Plaques,1.0,0.0,764.6667,577.55554,18.0,762.0,576.0,769.0,580.0
1699,0,1700,0,Plaques,1.0,0.0,864.2143,579.0,14.0,863.0,576.0,866.0,582.0
1700,0,1701,0,Plaques,1.0,0.0,1293.1111,577.3333,9.0,1292.0,576.0,1295.0,580.0
1701,0,1702,0,Plaques,1.0,0.0,460.66666,577.3333,3.0,460.0,577.0,462.0,579.0
1702,0,1703,0,Plaques,1.0,0.0,590.6667,577.6667,3.0,590.0,577.0,592.0,579.0
1703,0,1704,0,Plaques,1.0,0.0,789.0,577.5,6.0,788.0,577.0,791.0,579.0
1704,0,1705,0,Plaques,1.0,0.0,824.5,577.5,4.0,824.0,577.0,826.0,579.0
1705,0,1706,0,Plaques,1.0,0.0,1068.0,577.5,6.0,1067.0,577.0,1070.0,579.0
1706,0,1707,0,Plaques,1.0,0.0,1194.125,579.0,16.0,1192.0,577.0,1197.0,582.0
1707,0,1708,0,Plaques,1.0,0.0,1252.1666,578.1667,6.0,1251.0,577.0,1254.0,580.0
1708,0,1709,0,Plaques,1.0,0.0,1436.8572,579.3571,14.0,1436.0,577.0,1439.0,583.0
1709,0,1710,0,Plaques,1.0,0.0,1456.0,578.0,9.0,1455.0,577.0,1458.0,580.0
1710,0,1711,0,Plaques,1.0,0.0,1661.3334,577.6667,3.0,1661.0,577.0,1663.0,579.0
1711,0,1712,0,Plaques,1.0,0.0,960.5,578.5,4.0,960.0,578.0,962.0,580.0
1712,0,1713,0,Plaques,1.0,0.0,1008.8,578.6,5.0,1008.0,578.0,1011.0,580.0
1713,0,1714,0,Plaques,1.0,0.0,1233.5294,582.08826,34.0,1229.0,578.0,1239.0,586.0
1714,0,1715,0,Plaques,1.0,0.0,1300.4,578.8,5.0,1300.0,578.0,1302.0,581.0
1715,0,1716,0,Plaques,1.0,0.0,1338.6897,582.5517,29.0,1337.0,578.0,1342.0,590.0
1716,0,1717,0,Plaques,1.0,0.0,1345.3917,588.7,120.0,1336.0,578.0,1354.0,601.0
1717,0,1718,0,Plaques,1.0,0.0,1539.8,578.4,5.0,1539.0,578.0,1542.0,580.0
1718,0,1719,0,Plaques,1.0,0.0,1557.909,579.36365,11.0,1557.0,578.0,1560.0,582.0
1719,0,1720,0,Plaques,1.0,0.0,777.2,579.4,5.0,776.0,579.0,779.0,581.0
1720,0,1721,0,Plaques,1.0,0.0,799.4286,582.9286,28.0,796.0,579.0,804.0,587.0
1721,0,1722,0,Plaques,1.0,0.0,852.5417,581.1667,24.0,849.0,579.0,856.0,585.0
1722,0,1723,0,Plaques,1.0,0.0,978.4,579.8,5.0,978.0,579.0,980.0,582.0
1723,0,1724,0,Plaques,1.0,0.0,1043.2,579.6,5.0,1042.0,579.0,1045.0,581.0
1724,0,1725,0,Plaques,1.0,0.0,1312.5,580.0,4.0,1312.0,579.0,1314.0,582.0
1725,0,1726,0,Plaques,1.0,0.0,1410.0,580.0,5.0,1409.0,579.0,1412.0,582.0
1726,0,1727,0,Plaques,1.0,0.0,1465.3334,580.1111,9.0,1464.0,579.0,1468.0,582.0
1727,0,1728,0,Plaques,1.0,0.0,992.6111,582.1667,18.0,990.0,580.0,996.0,585.0
1728,0,1729,0,Plaques,1.0,0.0,1420.5,580.5,4.0,1420.0,580.0,1422.0,582.0
1729,0,1730,0,Plaques,1.0,0.0,1570.0,581.0,7.0,1569.0,580.0,1572.0,583.0
1730,0,1731,0,Plaques,1.0,0.0,743.0,582.0,7.0,742.0,581.0,745.0,584.0
1731,0,1732,0,Plaques,1.0,0.0,1051.1666,581.8333,6.0,1050.0,581.0,1053.0,584.0
1732,0,1733,0,Plaques,1.0,0.0,1067.8334,582.8889,18.0,1066.0,581.0,1071.0,586.0
1733,0,1734,0,Plaques,1.0,0.0,1589.25,582.0,4.0,1589.0,581.0,1591.0,584.0
1734,0,1735,0,Plaques,1.0,0.0,464.5,582.5,4.0,464.0,582.0,466.0,584.0
1735,0,1736,0,Plaques,1.0,0.0,593.6667,582.3333,3.0,593.0,582.0,595.0,584.0
1736,0,1737,0,Plaques,1.0,0.0,726.3333,583.75,12.0,725.0,582.0,729.0,586.0
1737,0,1738,0,Plaques,1.0,0.0,772.3333,583.1111,9.0,771.0,582.0,775.0,585.0
1738,0,1739,0,Plaques,1.0,0.0,1333.8889,583.6667,9.0,1333.0,582.0,1336.0,586.0
1739,0,1740,0,Plaques,1.0,0.0,1354.0,583.5,10.0,1353.0,582.0,1356.0,586.0
1740,0,1741,0,Plaques,1.0,0.0,252.3,584.3,10.0,251.0,583.0,255.0,587.0
1741,0,1742,0,Plaques,1.0,0.0,260.0,584.2857,7.0,259.0,583.0,262.0,586.0
1742,0,1743,0,Plaques,1.0,0.0,448.125,583.875,8.0,447.0,583.0,450.0,586.0
1743,0,1744,0,Plaques,1.0,0.0,784.2,583.4,5.0,783.0,583.0,786.0,585.0
1744,0,1745,0,Plaques,1.0,0.0,837.63635,585.0909,22.0,835.0,583.0,843.0,588.0
1745,0,1746,0,Plaques,1.0,0.0,864.9583,585.2917,24.0,861.0,583.0,869.0,588.0
1746,0,1747,0,Plaques,1.0,0.0,924.61536,584.61536,13.0,923.0,583.0,927.0,587.0
1747,0,1748,0,Plaques,1.0,0.0,1425.5,583.5,4.0,1425.0,583.0,1427.0,585.0
1748,0,1749,0,Plaques,1.0,0.0,1430.7778,584.1111,9.0,1430.0,583.0,1433.0,587.0
1749,0,1750,0,Plaques,1.0,0.0,1469.3334,583.6667,3.0,1469.0,583.0,1471.0,585.0
1750,0,1751,0,Plaques,1.0,0.0,1580.6666,583.6667,3.0,1580.0,583.0,1582.0,585.0
1751,0,1752,0,Plaques,1.0,0.0,581.8333,585.1667,6.0,581.0,584.0,584.0,587.0
1752,0,1753,0,Plaques,1.0,0.0,735.8333,585.0833,12.0,734.0,584.0,739.0,587.0
1753,0,1754,0,Plaques,1.0,0.0,790.575,588.85,40.0,787.0,584.0,795.0,595.0
1754,0,1755,0,Plaques,1.0,0.0,874.3333,584.8889,9.0,873.0,584.0,877.0,587.0
1755,0,1756,0,Plaques,1.0,0.0,905.6,584.8,5.0,905.0,584.0,907.0,587.0
1756,0,1757,0,Plaques,1.0,0.0,956.1667,584.9167,12.0,954.0,584.0,959.0,587.0
1757,0,1758,0,Plaques,1.0,0.0,1537.12,589.0,25.0,1535.0,584.0,1539.0,596.0
1758,0,1759,0,Plaques,1.0,0.0,416.5,585.5,4.0,416.0,585.0,418.0,587.0
1759,0,1760,0,Plaques,1.0,0.0,469.0,585.7143,7.0,468.0,585.0,471.0,588.0
1760,0,1761,0,Plaques,1.0,0.0,744.0,585.5,4.0,743.0,585.0,746.0,587.0
1761,0,1762,0,Plaques,1.0,0.0,756.0,586.0,9.0,755.0,585.0,758.0,588.0
1762,0,1763,0,Plaques,1.0,0.0,761.2857,588.6667,21.0,759.0,585.0,764.0,592.0
1763,0,1764,0,Plaques,1.0,0.0,1026.2727,586.7273,11.0,1025.0,585.0,1029.0,589.0
1764,0,1765,0,Plaques,1.0,0.0,1417.4,587.4,15.0,1416.0,585.0,1420.0,591.0
1765,0,1766,0,Plaques,1.0,0.0,1451.5,586.0,6.0,1451.0,585.0,1453.0,588.0
1766,0,1767,0,Plaques,1.0,0.0,747.125,586.875,8.0,746.0,586.0,749.0,589.0
1767,0,1768,0,Plaques,1.0,0.0,777.0645,590.0968,31.0,775.0,586.0,780.0,595.0
1768,0,1769,0,Plaques,1.0,0.0,830.7273,587.0909,11.0,829.0,586.0,834.0,589.0
1769,0,1770,0,Plaques,1.0,0.0,935.0,587.0,9.0,934.0,586.0,937.0,589.0
1770,0,1771,0,Plaques,1.0,0.0,969.5,586.5,4.0,969.0,586.0,971.0,588.0
1771,0,1772,0,Plaques,1.0,0.0,1032.5,586.5,4.0,1032.0,586.0,1034.0,588.0
1772,0,1773,0,Plaques,1.0,0.0,1239.7386,597.3295,88.0,1237.0,586.0,1244.0,609.0
1773,0,1774,0,Plaques,1.0,0.0,1299.5,586.5,4.0,1299.0,586.0,1301.0,588.0
1774,0,1775,0,Plaques,1.0,0.0,1343.1111,587.1111,9.0,1342.0,586.0,1346.0,590.0
1775,0,1776,0,Plaques,1.0,0.0,1411.4546,587.8182,11.0,1410.0,586.0,1414.0,590.0
1776,0,1777,0,Plaques,1.0,0.0,1422.0,587.5,10.0,1421.0,586.0,1424.0,590.0
1777,0,1778,0,Plaques,1.0,0.0,441.8,587.6,5.0,441.0,587.0,444.0,589.0
1778,0,1779,0,Plaques,1.0,0.0,769.08,590.56,25.0,766.0,587.0,773.0,595.0
1779,0,1780,0,Plaques,1.0,0.0,1049.5555,587.8889,9.0,1048.0,587.0,1052.0,590.0
1780,0,1781,0,Plaques,1.0,0.0,1309.3334,587.6667,3.0,1309.0,587.0,1311.0,589.0
1781,0,1782,0,Plaques,1.0,0.0,726.15,590.0,20.0,724.0,588.0,730.0,593.0
1782,0,1783,0,Plaques,1.0,0.0,848.8,591.225,40.0,843.0,588.0,855.0,595.0
1783,0,1784,0,Plaques,1.0,0.0,1247.0,590.96155,26.0,1245.0,588.0,1250.0,595.0
1784,0,1785,0,Plaques,1.0,0.0,1445.0,589.2857,7.0,1444.0,588.0,1447.0,591.0
1785,0,1786,0,Plaques,1.0,0.0,1526.4407,596.2373,59.0,1522.0,588.0,1532.0,604.0
1786,0,1787,0,Plaques,1.0,0.0,603.3333,589.6667,3.0,603.0,589.0,605.0,591.0
1787,0,1788,0,Plaques,1.0,0.0,608.5,590.0,6.0,608.0,589.0,610.0,592.0
1788,0,1789,0,Plaques,1.0,0.0,870.65625,592.0,64.0,863.0,589.0,881.0,597.0
1789,0,1790,0,Plaques,1.0,0.0,1046.0,590.0,3.0,1046.0,589.0,1047.0,592.0
1790,0,1791,0,Plaques,1.0,0.0,1332.5,591.0,16.0,1331.0,589.0,1335.0,594.0
1791,0,1792,0,Plaques,1.0,0.0,1462.0,590.2857,7.0,1461.0,589.0,1464.0,592.0
1792,0,1793,0,Plaques,1.0,0.0,1543.5,590.0,12.0,1542.0,589.0,1546.0,592.0
1793,0,1794,0,Plaques,1.0,0.0,1592.8334,589.8333,6.0,1592.0,589.0,1595.0,592.0
1794,0,1795,0,Plaques,1.0,0.0,1676.0,590.8,10.0,1675.0,589.0,1678.0,593.0
1795,0,1796,0,Plaques,1.0,0.0,456.0,590.25,4.0,455.0,590.0,458.0,592.0
1796,0,1797,0,Plaques,1.0,0.0,798.2,591.0,10.0,797.0,590.0,801.0,593.0
1797,0,1798,0,Plaques,1.0,0.0,808.5294,592.0294,34.0,805.0,590.0,813.0,596.0
1798,0,1799,0,Plaques,1.0,0.0,886.0,591.2857,7.0,885.0,590.0,888.0,593.0
1799,0,1800,0,Plaques,1.0,0.0,1429.125,591.125,8.0,1428.0,590.0,1431.0,593.0
1800,0,1801,0,Plaques,1.0,0.0,1567.1666,591.1667,6.0,1566.0,590.0,1569.0,593.0
1801,0,1802,0,Plaques,1.0,0.0,1578.5,590.5,4.0,1578.0,590.0,1580.0,592.0
1802,0,1803,0,Plaques,1.0,0.0,387.5,592.0,6.0,387.0,591.0,389.0,594.0
1803,0,1804,0,Plaques,1.0,0.0,944.3,592.0,20.0,941.0,591.0,949.0,594.0
1804,0,1805,0,Plaques,1.0,0.0,979.8333,591.8333,6.0,979.0,591.0,982.0,594.0
1805,0,1806,0,Plaques,1.0,0.0,1022.6667,593.2,15.0,1021.0,591.0,1026.0,596.0
1806,0,1807,0,Plaques,1.0,0.0,214.75,593.0,4.0,214.0,592.0,216.0,595.0
1807,0,1808,0,Plaques,1.0,0.0,246.0,592.5,6.0,245.0,592.0,248.0,594.0
1808,0,1809,0,Plaques,1.0,0.0,407.3,594.85,20.0,406.0,592.0,410.0,599.0
1809,0,1810,0,Plaques,1.0,0.0,733.05,594.4,20.0,731.0,592.0,736.0,597.0
1810,0,1811,0,Plaques,1.0,0.0,820.5,593.0,6.0,820.0,592.0,822.0,595.0
1811,0,1812,0,Plaques,1.0,0.0,1068.8572,593.2857,7.0,1068.0,592.0,1071.0,595.0
1812,0,1813,0,Plaques,1.0,0.0,1657.5,592.5,4.0,1657.0,592.0,1659.0,594.0
1813,0,1814,0,Plaques,1.0,0.0,224.71428,594.0,7.0,224.0,593.0,227.0,596.0
1814,0,1815,0,Plaques,1.0,0.0,379.81818,594.8182,11.0,378.0,593.0,382.0,597.0
1815,0,1816,0,Plaques,1.0,0.0,587.63635,593.9091,11.0,586.0,593.0,590.0,596.0
1816,0,1817,0,Plaques,1.0,0.0,593.5,593.5,4.0,593.0,593.0,595.0,595.0
1817,0,1818,0,Plaques,1.0,0.0,825.6667,594.3333,9.0,824.0,593.0,828.0,597.0
1818,0,1819,0,Plaques,1.0,0.0,1029.3334,593.3333,3.0,1029.0,593.0,1031.0,595.0
1819,0,1820,0,Plaques,1.0,0.0,1309.5,594.0,6.0,1309.0,593.0,1311.0,596.0
1820,0,1821,0,Plaques,1.0,0.0,1351.3334,594.5,6.0,1351.0,593.0,1353.0,597.0
1821,0,1822,0,Plaques,1.0,0.0,1579.55,595.1,20.0,1578.0,593.0,1583.0,598.0
1822,0,1823,0,Plaques,1.0,0.0,425.5,594.5,8.0,424.0,594.0,428.0,596.0
1823,0,1824,0,Plaques,1.0,0.0,601.2,594.4,5.0,600.0,594.0,603.0,596.0
1824,0,1825,0,Plaques,1.0,0.0,723.9231,595.61536,13.0,722.0,594.0,727.0,598.0
1825,0,1826,0,Plaques,1.0,0.0,744.7143,595.5,14.0,743.0,594.0,747.0,598.0
1826,0,1827,0,Plaques,1.0,0.0,783.3333,595.8333,18.0,782.0,594.0,786.0,599.0
1827,0,1828,0,Plaques,1.0,0.0,831.36365,594.9091,11.0,830.0,594.0,834.0,597.0
1828,0,1829,0,Plaques,1.0,0.0,991.5,594.5,4.0,991.0,594.0,993.0,596.0
1829,0,1830,0,Plaques,1.0,0.0,758.5,595.5,4.0,758.0,595.0,760.0,597.0
1830,0,1831,0,Plaques,1.0,0.0,762.0,597.0,11.0,761.0,595.0,764.0,600.0
1831,0,1832,0,Plaques,1.0,0.0,771.88464,598.88464,26.0,770.0,595.0,775.0,604.0
1832,0,1833,0,Plaques,1.0,0.0,1063.8518,597.96295,27.0,1061.0,595.0,1067.0,602.0
1833,0,1834,0,Plaques,1.0,0.0,393.8,596.4,5.0,393.0,596.0,396.0,598.0
1834,0,1835,0,Plaques,1.0,0.0,434.0909,597.36365,11.0,433.0,596.0,436.0,600.0
1835,0,1836,0,Plaques,1.0,0.0,574.36365,596.9091,11.0,573.0,596.0,577.0,599.0
1836,0,1837,0,Plaques,1.0,0.0,796.1667,596.8333,6.0,795.0,596.0,798.0,599.0
1837,0,1838,0,Plaques,1.0,0.0,840.5,597.0,6.0,840.0,596.0,842.0,599.0
1838,0,1839,0,Plaques,1.0,0.0,889.3333,596.8889,9.0,888.0,596.0,892.0,599.0
1839,0,1840,0,Plaques,1.0,0.0,1025.5,597.0,6.0,1025.0,596.0,1027.0,599.0
1840,0,1841,0,Plaques,1.0,0.0,1046.8125,599.625,32.0,1044.0,596.0,1050.0,607.0
1841,0,1842,0,Plaques,1.0,0.0,1414.6666,596.6667,6.0,1414.0,596.0,1417.0,599.0
1842,0,1843,0,Plaques,1.0,0.0,1418.8,597.9,10.0,1418.0,596.0,1421.0,601.0
1843,0,1844,0,Plaques,1.0,0.0,1453.0,596.7143,7.0,1452.0,596.0,1455.0,599.0
1844,0,1845,0,Plaques,1.0,0.0,1656.4,597.2,5.0,1656.0,596.0,1658.0,599.0
1845,0,1846,0,Plaques,1.0,0.0,1699.875,597.125,8.0,1699.0,596.0,1702.0,599.0
1846,0,1847,0,Plaques,1.0,0.0,179.5,597.5,4.0,179.0,597.0,181.0,599.0
1847,0,1848,0,Plaques,1.0,0.0,811.5333,598.6667,15.0,810.0,597.0,814.0,602.0
1848,0,1849,0,Plaques,1.0,0.0,824.32556,601.093,43.0,819.0,597.0,831.0,606.0
1849,0,1850,0,Plaques,1.0,0.0,1054.5,598.7143,14.0,1053.0,597.0,1057.0,601.0
1850,0,1851,0,Plaques,1.0,0.0,418.5,598.5,4.0,418.0,598.0,420.0,600.0
1851,0,1852,0,Plaques,1.0,0.0,737.0,599.5,10.0,736.0,598.0,739.0,602.0
1852,0,1853,0,Plaques,1.0,0.0,803.2,599.0,10.0,802.0,598.0,806.0,601.0
1853,0,1854,0,Plaques,1.0,0.0,871.36365,599.0909,11.0,870.0,598.0,874.0,601.0
1854,0,1855,0,Plaques,1.0,0.0,950.8,598.6,5.0,950.0,598.0,953.0,600.0
1855,0,1856,0,Plaques,1.0,0.0,1334.3077,600.1539,13.0,1333.0,598.0,1336.0,604.0
1856,0,1857,0,Plaques,1.0,0.0,1408.7059,599.94116,17.0,1406.0,598.0,1413.0,603.0
1857,0,1858,0,Plaques,1.0,0.0,1716.5,598.5,4.0,1716.0,598.0,1718.0,600.0
1858,0,1859,0,Plaques,1.0,0.0,174.5,600.0,8.0,173.0,599.0,177.0,602.0
1859,0,1860,0,Plaques,1.0,0.0,384.05,600.75,20.0,382.0,599.0,388.0,604.0
1860,0,1861,0,Plaques,1.0,0.0,586.4,599.8,5.0,586.0,599.0,588.0,602.0
1861,0,1862,0,Plaques,1.0,0.0,753.3125,601.0625,16.0,752.0,599.0,756.0,604.0
1862,0,1863,0,Plaques,1.0,0.0,946.8889,600.3333,9.0,946.0,599.0,949.0,603.0
1863,0,1864,0,Plaques,1.0,0.0,954.6667,599.3333,3.0,954.0,599.0,956.0,601.0
1864,0,1865,0,Plaques,1.0,0.0,1533.973,602.9459,37.0,1532.0,599.0,1538.0,610.0
1865,0,1866,0,Plaques,1.0,0.0,413.5,600.5,4.0,413.0,600.0,415.0,602.0
1866,0,1867,0,Plaques,1.0,0.0,876.0,602.0,13.0,875.0,600.0,878.0,605.0
1867,0,1868,0,Plaques,1.0,0.0,910.5,600.5,4.0,910.0,600.0,912.0,602.0
1868,0,1869,0,Plaques,1.0,0.0,930.7143,601.0,7.0,930.0,600.0,933.0,603.0
1869,0,1870,0,Plaques,1.0,0.0,1346.1613,604.129,31.0,1343.0,600.0,1350.0,609.0
1870,0,1871,0,Plaques,1.0,0.0,1433.0,600.25,4.0,1432.0,600.0,1435.0,602.0
1871,0,1872,0,Plaques,1.0,0.0,1457.5,601.0,8.0,1456.0,600.0,1460.0,603.0
1872,0,1873,0,Plaques,1.0,0.0,722.62067,604.4138,29.0,720.0,601.0,726.0,609.0
1873,0,1874,0,Plaques,1.0,0.0,742.2,602.0,10.0,741.0,601.0,745.0,604.0
1874,0,1875,0,Plaques,1.0,0.0,764.46155,602.1539,13.0,763.0,601.0,767.0,605.0
1875,0,1876,0,Plaques,1.0,0.0,788.4286,601.8571,14.0,786.0,601.0,792.0,604.0
1876,0,1877,0,Plaques,1.0,0.0,840.5,601.5,4.0,840.0,601.0,842.0,603.0
1877,0,1878,0,Plaques,1.0,0.0,858.5,601.5,4.0,858.0,601.0,860.0,603.0
1878,0,1879,0,Plaques,1.0,0.0,888.0,601.5,6.0,887.0,601.0,890.0,603.0
1879,0,1880,0,Plaques,1.0,0.0,1025.3334,601.3333,3.0,1025.0,601.0,1027.0,603.0
1880,0,1881,0,Plaques,1.0,0.0,1248.027,605.08105,37.0,1245.0,601.0,1251.0,611.0
1881,0,1882,0,Plaques,1.0,0.0,1289.6154,602.61536,13.0,1288.0,601.0,1292.0,605.0
1882,0,1883,0,Plaques,1.0,0.0,1415.875,601.875,8.0,1415.0,601.0,1418.0,604.0
1883,0,1884,0,Plaques,1.0,0.0,1425.5,601.5,4.0,1425.0,601.0,1427.0,603.0
1884,0,1885,0,Plaques,1.0,0.0,1575.2,601.6,5.0,1574.0,601.0,1577.0,603.0
1885,0,1886,0,Plaques,1.0,0.0,1658.96,603.4,25.0,1657.0,601.0,1662.0,607.0
1886,0,1887,0,Plaques,1.0,0.0,581.0,603.8,10.0,580.0,602.0,583.0,606.0
1887,0,1888,0,Plaques,1.0,0.0,811.5217,603.913,23.0,808.0,602.0,816.0,607.0
1888,0,1889,0,Plaques,1.0,0.0,969.5,603.0,6.0,969.0,602.0,971.0,605.0
1889,0,1890,0,Plaques,1.0,0.0,974.7143,603.0,7.0,974.0,602.0,977.0,605.0
1890,0,1891,0,Plaques,1.0,0.0,1068.8334,602.8333,6.0,1068.0,602.0,1071.0,605.0
1891,0,1892,0,Plaques,1.0,0.0,1646.3334,602.3333,3.0,1646.0,602.0,1648.0,604.0
1892,0,1893,0,Plaques,1.0,0.0,1702.1111,603.3333,9.0,1701.0,602.0,1704.0,606.0
1893,0,1894,0,Plaques,1.0,0.0,1731.1177,603.58826,17.0,1729.0,602.0,1734.0,606.0
1894,0,1895,0,Plaques,1.0,0.0,397.6,604.2,5.0,397.0,603.0,399.0,606.0
1895,0,1896,0,Plaques,1.0,0.0,618.0,604.2,10.0,617.0,603.0,620.0,607.0
1896,0,1897,0,Plaques,1.0,0.0,866.5,604.5,8.0,866.0,603.0,868.0,607.0
1897,0,1898,0,Plaques,1.0,0.0,934.63635,603.9091,11.0,933.0,603.0,937.0,606.0
1898,0,1899,0,Plaques,1.0,0.0,942.5,603.5,4.0,942.0,603.0,944.0,605.0
1899,0,1900,0,Plaques,1.0,0.0,338.5,605.0,6.0,338.0,604.0,340.0,607.0
1900,0,1901,0,Plaques,1.0,0.0,493.5,605.0,8.0,492.0,604.0,496.0,607.0
1901,0,1902,0,Plaques,1.0,0.0,598.5,604.5,4.0,598.0,604.0,600.0,606.0
1902,0,1903,0,Plaques,1.0,0.0,1002.5,604.5,4.0,1002.0,604.0,1004.0,606.0
1903,0,1904,0,Plaques,1.0,0.0,1550.2,604.4,5.0,1549.0,604.0,1552.0,606.0
1904,0,1905,0,Plaques,1.0,0.0,587.2857,606.0,7.0,586.0,605.0,589.0,608.0
1905,0,1906,0,Plaques,1.0,0.0,738.9158,612.7579,95.0,734.0,605.0,745.0,622.0
1906,0,1907,0,Plaques,1.0,0.0,778.5,605.5,4.0,778.0,605.0,780.0,607.0
1907,0,1908,0,Plaques,1.0,0.0,910.5,605.5,4.0,910.0,605.0,912.0,607.0
1908,0,1909,0,Plaques,1.0,0.0,981.2857,606.0714,14.0,979.0,605.0,985.0,608.0
1909,0,1910,0,Plaques,1.0,0.0,1052.6666,605.3333,3.0,1052.0,605.0,1054.0,607.0
1910,0,1911,0,Plaques,1.0,0.0,1062.5,605.5,4.0,1062.0,605.0,1064.0,607.0
1911,0,1912,0,Plaques,1.0,0.0,1352.7142,606.0,7.0,1352.0,605.0,1355.0,608.0
1912,0,1913,0,Plaques,1.0,0.0,1422.6364,606.0909,11.0,1421.0,605.0,1425.0,608.0
1913,0,1914,0,Plaques,1.0,0.0,1519.6666,605.6667,3.0,1519.0,605.0,1521.0,607.0
1914,0,1915,0,Plaques,1.0,0.0,370.5,607.0,6.0,370.0,606.0,372.0,609.0
1915,0,1916,0,Plaques,1.0,0.0,751.06525,611.23914,46.0,746.0,606.0,757.0,616.0
1916,0,1917,0,Plaques,1.0,0.0,755.5,607.0,6.0,755.0,606.0,757.0,609.0
1917,0,1918,0,Plaques,1.0,0.0,1571.8,606.6,5.0,1571.0,606.0,1574.0,608.0
1918,0,1919,0,Plaques,1.0,0.0,1675.0,607.2857,7.0,1674.0,606.0,1677.0,609.0
1919,0,1920,0,Plaques,1.0,0.0,475.5,607.5,4.0,475.0,607.0,477.0,609.0
1920,0,1921,0,Plaques,1.0,0.0,504.0,607.5,6.0,503.0,607.0,506.0,609.0
1921,0,1922,0,Plaques,1.0,0.0,728.3684,609.8947,19.0,727.0,607.0,731.0,614.0
1922,0,1923,0,Plaques,1.0,0.0,783.8,607.4,5.0,783.0,607.0,786.0,609.0
1923,0,1924,0,Plaques,1.0,0.0,803.0,608.8,10.0,802.0,607.0,805.0,611.0
1924,0,1925,0,Plaques,1.0,0.0,822.61536,609.0769,13.0,821.0,607.0,825.0,612.0
1925,0,1926,0,Plaques,1.0,0.0,886.5,607.5,4.0,886.0,607.0,888.0,609.0
1926,0,1927,0,Plaques,1.0,0.0,962.9091,607.8182,11.0,961.0,607.0,966.0,610.0
1927,0,1928,0,Plaques,1.0,0.0,1295.5,607.5,4.0,1295.0,607.0,1297.0,609.0
1928,0,1929,0,Plaques,1.0,0.0,1413.3103,610.13794,29.0,1410.0,607.0,1417.0,615.0
1929,0,1930,0,Plaques,1.0,0.0,1513.9048,608.9524,21.0,1511.0,607.0,1517.0,612.0
1930,0,1931,0,Plaques,1.0,0.0,1549.0,608.2857,7.0,1548.0,607.0,1551.0,610.0
1931,0,1932,0,Plaques,1.0,0.0,1643.4231,609.61536,26.0,1641.0,607.0,1647.0,613.0
1932,0,1933,0,Plaques,1.0,0.0,590.93335,609.4,15.0,589.0,608.0,594.0,612.0
1933,0,1934,0,Plaques,1.0,0.0,789.875,608.875,8.0,789.0,608.0,792.0,611.0
1934,0,1935,0,Plaques,1.0,0.0,797.125,609.125,8.0,796.0,608.0,799.0,611.0
1935,0,1936,0,Plaques,1.0,0.0,808.0909,609.63635,11.0,807.0,608.0,810.0,612.0
1936,0,1937,0,Plaques,1.0,0.0,828.6875,610.125,16.0,827.0,608.0,832.0,613.0
1937,0,1938,0,Plaques,1.0,0.0,856.0,609.0,9.0,855.0,608.0,858.0,611.0
1938,0,1939,0,Plaques,1.0,0.0,866.8,608.6,5.0,866.0,608.0,869.0,610.0
1939,0,1940,0,Plaques,1.0,0.0,925.5,608.5,4.0,925.0,608.0,927.0,610.0
1940,0,1941,0,Plaques,1.0,0.0,1019.2,608.4,5.0,1018.0,608.0,1021.0,610.0
1941,0,1942,0,Plaques,1.0,0.0,1056.3182,609.9545,22.0,1054.0,608.0,1060.0,613.0
1942,0,1943,0,Plaques,1.0,0.0,1404.2,609.5,10.0,1403.0,608.0,1406.0,612.0
1943,0,1944,0,Plaques,1.0,0.0,1567.4,609.2,5.0,1567.0,608.0,1569.0,611.0
1944,0,1945,0,Plaques,1.0,0.0,374.4,609.8,5.0,374.0,609.0,376.0,612.0
1945,0,1946,0,Plaques,1.0,0.0,482.7857,610.3571,14.0,481.0,609.0,486.0,613.0
1946,0,1947,0,Plaques,1.0,0.0,493.3889,610.2222,18.0,490.0,609.0,498.0,612.0
1947,0,1948,0,Plaques,1.0,0.0,776.46155,611.0769,13.0,775.0,609.0,779.0,614.0
1948,0,1949,0,Plaques,1.0,0.0,816.25,610.5833,12.0,815.0,609.0,819.0,613.0
1949,0,1950,0,Plaques,1.0,0.0,836.8571,611.1429,21.0,835.0,609.0,840.0,616.0
1950,0,1951,0,Plaques,1.0,0.0,844.125,610.125,8.0,843.0,609.0,846.0,612.0
1951,0,1952,0,Plaques,1.0,0.0,1066.7,610.7,10.0,1065.0,609.0,1069.0,613.0
1952,0,1953,0,Plaques,1.0,0.0,1240.4286,610.7143,7.0,1240.0,609.0,1242.0,613.0
1953,0,1954,0,Plaques,1.0,0.0,1332.9474,611.2632,19.0,1331.0,609.0,1336.0,615.0
1954,0,1955,0,Plaques,1.0,0.0,1522.762,611.7143,21.0,1521.0,609.0,1526.0,615.0
1955,0,1956,0,Plaques,1.0,0.0,762.0,611.0,7.0,761.0,610.0,764.0,613.0
1956,0,1957,0,Plaques,1.0,0.0,966.1111,611.1111,9.0,965.0,610.0,969.0,613.0
1957,0,1958,0,Plaques,1.0,0.0,1071.909,611.36365,11.0,1071.0,610.0,1074.0,614.0
1958,0,1959,0,Plaques,1.0,0.0,1345.7059,611.58826,17.0,1343.0,610.0,1350.0,614.0
1959,0,1960,0,Plaques,1.0,0.0,1421.4,610.8,5.0,1421.0,610.0,1423.0,613.0
1960,0,1961,0,Plaques,1.0,0.0,1445.7142,611.0,7.0,1445.0,610.0,1448.0,613.0
1961,0,1962,0,Plaques,1.0,0.0,472.08694,614.65216,23.0,469.0,611.0,476.0,619.0
1962,0,1963,0,Plaques,1.0,0.0,513.3273,617.0,55.0,508.0,611.0,519.0,625.0
1963,0,1964,0,Plaques,1.0,0.0,579.5,612.0,10.0,578.0,611.0,582.0,614.0
1964,0,1965,0,Plaques,1.0,0.0,606.0,612.0,9.0,604.0,611.0,609.0,614.0
1965,0,1966,0,Plaques,1.0,0.0,870.5,611.5,4.0,870.0,611.0,872.0,613.0
1966,0,1967,0,Plaques,1.0,0.0,1542.0,614.65,20.0,1540.0,611.0,1545.0,618.0
1967,0,1968,0,Plaques,1.0,0.0,793.9474,613.9474,19.0,792.0,612.0,797.0,617.0
1968,0,1969,0,Plaques,1.0,0.0,864.1667,613.1667,6.0,863.0,612.0,866.0,615.0
1969,0,1970,0,Plaques,1.0,0.0,883.0,612.5,6.0,882.0,612.0,885.0,614.0
1970,0,1971,0,Plaques,1.0,0.0,903.6667,612.6667,3.0,903.0,612.0,905.0,614.0
1971,0,1972,0,Plaques,1.0,0.0,909.0,614.4667,15.0,907.0,612.0,911.0,618.0
1972,0,1973,0,Plaques,1.0,0.0,946.0,612.7143,7.0,945.0,612.0,948.0,615.0
1973,0,1974,0,Plaques,1.0,0.0,1325.6428,613.7143,14.0,1324.0,612.0,1328.0,616.0
1974,0,1975,0,Plaques,1.0,0.0,1528.0,612.5,6.0,1527.0,612.0,1530.0,614.0
1975,0,1976,0,Plaques,1.0,0.0,1558.0,613.0,5.0,1557.0,612.0,1560.0,615.0
1976,0,1977,0,Plaques,1.0,0.0,334.33334,614.1111,9.0,333.0,613.0,337.0,616.0
1977,0,1978,0,Plaques,1.0,0.0,467.44446,613.8889,9.0,466.0,613.0,470.0,616.0
1978,0,1979,0,Plaques,1.0,0.0,820.6,614.6,15.0,819.0,613.0,823.0,617.0
1979,0,1980,0,Plaques,1.0,0.0,851.8182,614.8182,11.0,850.0,613.0,854.0,617.0
1980,0,1981,0,Plaques,1.0,0.0,955.0,613.5,6.0,954.0,613.0,957.0,615.0
1981,0,1982,0,Plaques,1.0,0.0,1042.75,614.0,4.0,1042.0,613.0,1044.0,616.0
1982,0,1983,0,Plaques,1.0,0.0,1049.091,614.63635,11.0,1048.0,613.0,1051.0,617.0
1983,0,1984,0,Plaques,1.0,0.0,1233.5,613.5,4.0,1233.0,613.0,1235.0,615.0
1984,0,1985,0,Plaques,1.0,0.0,1253.9286,614.8571,14.0,1253.0,613.0,1256.0,618.0
1985,0,1986,0,Plaques,1.0,0.0,1289.6666,613.6667,3.0,1289.0,613.0,1291.0,615.0
1986,0,1987,0,Plaques,1.0,0.0,1300.2858,614.0,7.0,1299.0,613.0,1302.0,616.0
1987,0,1988,0,Plaques,1.0,0.0,1405.4,614.75,20.0,1402.0,613.0,1409.0,617.0
1988,0,1989,0,Plaques,1.0,0.0,1534.8334,614.1667,6.0,1534.0,613.0,1537.0,616.0
1989,0,1990,0,Plaques,1.0,0.0,1654.2858,614.0,7.0,1653.0,613.0,1656.0,616.0
1990,0,1991,0,Plaques,1.0,0.0,461.3158,615.8947,19.0,459.0,614.0,466.0,619.0
1991,0,1992,0,Plaques,1.0,0.0,526.3333,614.3333,3.0,526.0,614.0,528.0,616.0
1992,0,1993,0,Plaques,1.0,0.0,573.125,615.125,8.0,572.0,614.0,575.0,617.0
1993,0,1994,0,Plaques,1.0,0.0,597.5,614.5,4.0,597.0,614.0,599.0,616.0
1994,0,1995,0,Plaques,1.0,0.0,500.58694,619.65216,92.0,492.0,615.0,508.0,626.0
1995,0,1996,0,Plaques,1.0,0.0,732.0,615.5,6.0,731.0,615.0,734.0,617.0
1996,0,1997,0,Plaques,1.0,0.0,766.3571,616.7143,14.0,765.0,615.0,769.0,619.0
1997,0,1998,0,Plaques,1.0,0.0,772.2,616.7,10.0,771.0,615.0,774.0,619.0
1998,0,1999,0,Plaques,1.0,0.0,813.9091,616.36365,11.0,813.0,615.0,816.0,619.0
1999,0,2000,0,Plaques,1.0,0.0,841.2,615.6,5.0,840.0,615.0,843.0,617.0
2000,0,2001,0,Plaques,1.0,0.0,873.3333,615.3333,3.0,873.0,615.0,875.0,617.0
2001,0,2002,0,Plaques,1.0,0.0,922.5,615.875,8.0,921.0,615.0,925.0,618.0
2002,0,2003,0,Plaques,1.0,0.0,1335.5,616.0,6.0,1335.0,615.0,1337.0,618.0
2003,0,2004,0,Plaques,1.0,0.0,1360.3334,615.3333,3.0,1360.0,615.0,1362.0,617.0
2004,0,2005,0,Plaques,1.0,0.0,1440.0,616.0,7.0,1439.0,615.0,1442.0,618.0
2005,0,2006,0,Plaques,1.0,0.0,1552.2667,617.4667,15.0,1551.0,615.0,1555.0,621.0
2006,0,2007,0,Plaques,1.0,0.0,1636.3334,615.3333,3.0,1636.0,615.0,1638.0,617.0
2007,0,2008,0,Plaques,1.0,0.0,176.5,616.5,4.0,176.0,616.0,178.0,618.0
2008,0,2009,0,Plaques,1.0,0.0,602.2857,617.0,7.0,601.0,616.0,604.0,619.0
2009,0,2010,0,Plaques,1.0,0.0,797.5,618.3333,30.0,794.0,616.0,802.0,622.0
2010,0,2011,0,Plaques,1.0,0.0,1294.0,617.5,10.0,1293.0,616.0,1296.0,620.0
2011,0,2012,0,Plaques,1.0,0.0,1329.8334,618.3889,18.0,1328.0,616.0,1332.0,622.0
2012,0,2013,0,Plaques,1.0,0.0,1704.3846,617.61536,13.0,1703.0,616.0,1707.0,620.0
2013,0,2014,0,Plaques,1.0,0.0,312.5,618.0,6.0,312.0,617.0,314.0,620.0
2014,0,2015,0,Plaques,1.0,0.0,380.0,617.5,6.0,379.0,617.0,382.0,619.0
2015,0,2016,0,Plaques,1.0,0.0,485.5,617.5,4.0,485.0,617.0,487.0,619.0
2016,0,2017,0,Plaques,1.0,0.0,748.0,618.0,5.0,747.0,617.0,750.0,620.0
2017,0,2018,0,Plaques,1.0,0.0,1003.5,618.0,6.0,1003.0,617.0,1005.0,620.0
2018,0,2019,0,Plaques,1.0,0.0,1020.8889,618.6667,9.0,1020.0,617.0,1023.0,621.0
2019,0,2020,0,Plaques,1.0,0.0,1056.0,619.5625,16.0,1054.0,617.0,1059.0,623.0
2020,0,2021,0,Plaques,1.0,0.0,1399.5,617.5,4.0,1399.0,617.0,1401.0,619.0
2021,0,2022,0,Plaques,1.0,0.0,757.38464,619.61536,13.0,756.0,618.0,760.0,622.0
2022,0,2023,0,Plaques,1.0,0.0,821.6071,621.8571,28.0,819.0,618.0,826.0,626.0
2023,0,2024,0,Plaques,1.0,0.0,984.58826,620.1177,17.0,983.0,618.0,987.0,623.0
2024,0,2025,0,Plaques,1.0,0.0,1516.0,619.5,8.0,1515.0,618.0,1518.0,622.0
2025,0,2026,0,Plaques,1.0,0.0,1544.7727,620.9091,22.0,1543.0,618.0,1548.0,625.0
2026,0,2027,0,Plaques,1.0,0.0,354.5,619.5,4.0,354.0,619.0,356.0,621.0
2027,0,2028,0,Plaques,1.0,0.0,524.2941,621.2941,17.0,522.0,619.0,528.0,625.0
2028,0,2029,0,Plaques,1.0,0.0,585.0,620.8,10.0,584.0,619.0,587.0,623.0
2029,0,2030,0,Plaques,1.0,0.0,592.125,619.875,8.0,591.0,619.0,594.0,622.0
2030,0,2031,0,Plaques,1.0,0.0,779.1539,620.38464,13.0,777.0,619.0,782.0,623.0
2031,0,2032,0,Plaques,1.0,0.0,831.0952,620.9524,21.0,828.0,619.0,835.0,623.0
2032,0,2033,0,Plaques,1.0,0.0,844.2,619.4,5.0,843.0,619.0,846.0,621.0
2033,0,2034,0,Plaques,1.0,0.0,1068.48,621.52,25.0,1065.0,619.0,1074.0,624.0
2034,0,2035,0,Plaques,1.0,0.0,1336.5983,628.1786,112.0,1328.0,619.0,1349.0,637.0
2035,0,2036,0,Plaques,1.0,0.0,1416.4286,620.2857,7.0,1416.0,619.0,1418.0,623.0
2036,0,2037,0,Plaques,1.0,0.0,1444.0,619.5,6.0,1443.0,619.0,1446.0,621.0
2037,0,2038,0,Plaques,1.0,0.0,1641.2,619.6,5.0,1640.0,619.0,1643.0,621.0
2038,0,2039,0,Plaques,1.0,0.0,337.0,621.0,9.0,336.0,620.0,339.0,623.0
2039,0,2040,0,Plaques,1.0,0.0,473.08334,620.9167,12.0,471.0,620.0,476.0,623.0
2040,0,2041,0,Plaques,1.0,0.0,785.5,621.0,6.0,785.0,620.0,787.0,623.0
2041,0,2042,0,Plaques,1.0,0.0,803.38464,621.61536,13.0,802.0,620.0,806.0,624.0
2042,0,2043,0,Plaques,1.0,0.0,864.3333,620.6667,3.0,864.0,620.0,866.0,622.0
2043,0,2044,0,Plaques,1.0,0.0,897.5,620.5,4.0,897.0,620.0,899.0,622.0
2044,0,2045,0,Plaques,1.0,0.0,919.5,620.5,4.0,919.0,620.0,921.0,622.0
2045,0,2046,0,Plaques,1.0,0.0,1045.7142,620.8571,7.0,1045.0,620.0,1048.0,623.0
2046,0,2047,0,Plaques,1.0,0.0,1213.7843,625.2549,51.0,1209.0,620.0,1221.0,632.0
2047,0,2048,0,Plaques,1.0,0.0,1248.2858,621.0,7.0,1247.0,620.0,1250.0,623.0
2048,0,2049,0,Plaques,1.0,0.0,1324.7858,621.6429,14.0,1323.0,620.0,1328.0,624.0
2049,0,2050,0,Plaques,1.0,0.0,455.6,622.86664,15.0,454.0,621.0,459.0,625.0
2050,0,2051,0,Plaques,1.0,0.0,721.2759,622.65515,29.0,718.0,621.0,725.0,626.0
2051,0,2052,0,Plaques,1.0,0.0,914.125,621.875,8.0,913.0,621.0,916.0,624.0
2052,0,2053,0,Plaques,1.0,0.0,1040.4,622.2,5.0,1040.0,621.0,1042.0,624.0
2053,0,2054,0,Plaques,1.0,0.0,1420.5,622.0,8.0,1419.0,621.0,1423.0,624.0
2054,0,2055,0,Plaques,1.0,0.0,1536.875,622.125,8.0,1536.0,621.0,1539.0,624.0
2055,0,2056,0,Plaques,1.0,0.0,356.5,622.5,4.0,356.0,622.0,358.0,624.0
2056,0,2057,0,Plaques,1.0,0.0,811.54285,626.9429,35.0,809.0,622.0,815.0,632.0
2057,0,2058,0,Plaques,1.0,0.0,837.6,622.8,5.0,837.0,622.0,839.0,625.0
2058,0,2059,0,Plaques,1.0,0.0,979.0,622.5,6.0,978.0,622.0,981.0,624.0
2059,0,2060,0,Plaques,1.0,0.0,1405.6818,624.36365,22.0,1404.0,622.0,1409.0,628.0
2060,0,2061,0,Plaques,1.0,0.0,1436.2,623.5,10.0,1435.0,622.0,1438.0,626.0
2061,0,2062,0,Plaques,1.0,0.0,1631.8334,623.1667,6.0,1631.0,622.0,1634.0,625.0
2062,0,2063,0,Plaques,1.0,0.0,1744.5,622.5,4.0,1744.0,622.0,1746.0,624.0
2063,0,2064,0,Plaques,1.0,0.0,529.5,624.0,6.0,529.0,623.0,531.0,626.0
2064,0,2065,0,Plaques,1.0,0.0,762.0345,624.8276,29.0,758.0,623.0,768.0,628.0
2065,0,2066,0,Plaques,1.0,0.0,922.5,623.5,4.0,922.0,623.0,924.0,625.0
2066,0,2067,0,Plaques,1.0,0.0,1160.7894,625.0526,19.0,1158.0,623.0,1165.0,628.0
2067,0,2068,0,Plaques,1.0,0.0,1278.8334,624.7778,18.0,1277.0,623.0,1282.0,628.0
2068,0,2069,0,Plaques,1.0,0.0,1680.9166,625.1667,12.0,1680.0,623.0,1683.0,628.0
2069,0,2070,0,Plaques,1.0,0.0,326.66666,624.93335,15.0,324.0,624.0,330.0,627.0
2070,0,2071,0,Plaques,1.0,0.0,450.0,625.0,7.0,449.0,624.0,452.0,627.0
2071,0,2072,0,Plaques,1.0,0.0,747.86,630.68,50.0,744.0,624.0,751.0,638.0
2072,0,2073,0,Plaques,1.0,0.0,775.8837,626.3953,43.0,770.0,624.0,783.0,630.0
2073,0,2074,0,Plaques,1.0,0.0,1051.6364,625.2727,11.0,1050.0,624.0,1054.0,628.0
2074,0,2075,0,Plaques,1.0,0.0,1075.125,624.875,8.0,1074.0,624.0,1077.0,627.0
2075,0,2076,0,Plaques,1.0,0.0,1414.6154,626.1923,26.0,1411.0,624.0,1418.0,630.0
2076,0,2077,0,Plaques,1.0,0.0,1524.0,624.7143,7.0,1523.0,624.0,1526.0,627.0
2077,0,2078,0,Plaques,1.0,0.0,995.0,626.0,9.0,994.0,625.0,997.0,628.0
2078,0,2079,0,Plaques,1.0,0.0,1012.1111,625.7778,9.0,1011.0,625.0,1015.0,628.0
2079,0,2080,0,Plaques,1.0,0.0,1038.5,625.5,4.0,1038.0,625.0,1040.0,627.0
2080,0,2081,0,Plaques,1.0,0.0,1063.3334,628.3333,21.0,1061.0,625.0,1067.0,632.0
2081,0,2082,0,Plaques,1.0,0.0,1289.5,625.5,4.0,1289.0,625.0,1291.0,627.0
2082,0,2083,0,Plaques,1.0,0.0,1566.3334,625.3333,3.0,1566.0,625.0,1568.0,627.0
2083,0,2084,0,Plaques,1.0,0.0,1674.875,626.125,8.0,1674.0,625.0,1677.0,628.0
2084,0,2085,0,Plaques,1.0,0.0,424.5,626.5,4.0,424.0,626.0,426.0,628.0
2085,0,2086,0,Plaques,1.0,0.0,526.5833,628.4167,24.0,524.0,626.0,530.0,632.0
2086,0,2087,0,Plaques,1.0,0.0,802.85,629.25,40.0,799.0,626.0,807.0,633.0
2087,0,2088,0,Plaques,1.0,0.0,845.3333,626.6667,3.0,845.0,626.0,847.0,628.0
2088,0,2089,0,Plaques,1.0,0.0,873.1667,626.8333,6.0,872.0,626.0,875.0,629.0
2089,0,2090,0,Plaques,1.0,0.0,914.5,626.5,4.0,914.0,626.0,916.0,628.0
2090,0,2091,0,Plaques,1.0,0.0,918.8,627.0,10.0,917.0,626.0,921.0,629.0
2091,0,2092,0,Plaques,1.0,0.0,1079.5,626.5,4.0,1079.0,626.0,1081.0,628.0
2092,0,2093,0,Plaques,1.0,0.0,1538.8,627.5,10.0,1538.0,626.0,1541.0,630.0
2093,0,2094,0,Plaques,1.0,0.0,1026.0,627.7143,7.0,1025.0,627.0,1028.0,630.0
2094,0,2095,0,Plaques,1.0,0.0,1069.7273,628.63635,11.0,1068.0,627.0,1072.0,631.0
2095,0,2096,0,Plaques,1.0,0.0,1132.0,627.5,6.0,1131.0,627.0,1134.0,629.0
2096,0,2097,0,Plaques,1.0,0.0,1231.5,627.5,4.0,1231.0,627.0,1233.0,629.0
2097,0,2098,0,Plaques,1.0,0.0,1390.25,628.0,4.0,1390.0,627.0,1392.0,630.0
2098,0,2099,0,Plaques,1.0,0.0,1507.8,628.0,10.0,1506.0,627.0,1510.0,630.0
2099,0,2100,0,Plaques,1.0,0.0,169.33333,628.3333,3.0,169.0,628.0,171.0,630.0
2100,0,2101,0,Plaques,1.0,0.0,303.5,628.5,4.0,303.0,628.0,305.0,630.0
2101,0,2102,0,Plaques,1.0,0.0,438.5,628.5,4.0,438.0,628.0,440.0,630.0
2102,0,2103,0,Plaques,1.0,0.0,596.0,629.0,9.0,595.0,628.0,598.0,631.0
2103,0,2104,0,Plaques,1.0,0.0,736.5,628.5,4.0,736.0,628.0,738.0,630.0
2104,0,2105,0,Plaques,1.0,0.0,788.5,629.0,6.0,788.0,628.0,790.0,631.0
2105,0,2106,0,Plaques,1.0,0.0,976.5,628.5,4.0,976.0,628.0,978.0,630.0
2106,0,2107,0,Plaques,1.0,0.0,1056.2222,629.6111,18.0,1053.0,628.0,1060.0,632.0
2107,0,2108,0,Plaques,1.0,0.0,1222.7473,634.71576,95.0,1213.0,628.0,1231.0,643.0
2108,0,2109,0,Plaques,1.0,0.0,1626.125,629.125,8.0,1625.0,628.0,1628.0,631.0
2109,0,2110,0,Plaques,1.0,0.0,1747.6666,628.3333,3.0,1747.0,628.0,1749.0,630.0
2110,0,2111,0,Plaques,1.0,0.0,570.8,629.6,5.0,570.0,629.0,573.0,631.0
2111,0,2112,0,Plaques,1.0,0.0,836.5,629.5,4.0,836.0,629.0,838.0,631.0
2112,0,2113,0,Plaques,1.0,0.0,888.5,629.5,4.0,888.0,629.0,890.0,631.0
2113,0,2114,0,Plaques,1.0,0.0,1022.8,629.4,5.0,1022.0,629.0,1025.0,631.0
2114,0,2115,0,Plaques,1.0,0.0,1165.7142,630.0,7.0,1165.0,629.0,1168.0,632.0
2115,0,2116,0,Plaques,1.0,0.0,1216.3334,629.6667,3.0,1216.0,629.0,1218.0,631.0
2116,0,2117,0,Plaques,1.0,0.0,1256.5,629.5,4.0,1256.0,629.0,1258.0,631.0
2117,0,2118,0,Plaques,1.0,0.0,1261.6,629.8,5.0,1261.0,629.0,1263.0,632.0
2118,0,2119,0,Plaques,1.0,0.0,1286.6,629.8,5.0,1286.0,629.0,1288.0,632.0
2119,0,2120,0,Plaques,1.0,0.0,1434.0,629.5,6.0,1433.0,629.0,1436.0,631.0
2120,0,2121,0,Plaques,1.0,0.0,1665.7142,630.0,7.0,1665.0,629.0,1668.0,632.0
2121,0,2122,0,Plaques,1.0,0.0,719.3333,630.3333,3.0,719.0,630.0,721.0,632.0
2122,0,2123,0,Plaques,1.0,0.0,739.1818,631.8182,11.0,738.0,630.0,742.0,634.0
2123,0,2124,0,Plaques,1.0,0.0,758.0,630.5,6.0,757.0,630.0,760.0,632.0
2124,0,2125,0,Plaques,1.0,0.0,794.5,631.5,14.0,793.0,630.0,797.0,634.0
2125,0,2126,0,Plaques,1.0,0.0,827.5,630.8,10.0,826.0,630.0,830.0,633.0
2126,0,2127,0,Plaques,1.0,0.0,854.38464,632.7692,13.0,852.0,630.0,858.0,636.0
2127,0,2128,0,Plaques,1.0,0.0,873.75,631.0,4.0,873.0,630.0,875.0,633.0
2128,0,2129,0,Plaques,1.0,0.0,1032.0,631.0,9.0,1031.0,630.0,1034.0,633.0
2129,0,2130,0,Plaques,1.0,0.0,1139.6666,631.3333,12.0,1138.0,630.0,1142.0,634.0
2130,0,2131,0,Plaques,1.0,0.0,1325.5,631.0,6.0,1325.0,630.0,1327.0,633.0
2131,0,2132,0,Plaques,1.0,0.0,1410.6,630.8,5.0,1410.0,630.0,1412.0,633.0
2132,0,2133,0,Plaques,1.0,0.0,1645.6,630.8,5.0,1645.0,630.0,1647.0,633.0
2133,0,2134,0,Plaques,1.0,0.0,898.3333,632.9167,12.0,897.0,631.0,901.0,635.0
2134,0,2135,0,Plaques,1.0,0.0,953.3333,631.3333,3.0,953.0,631.0,955.0,633.0
2135,0,2136,0,Plaques,1.0,0.0,1399.125,632.125,8.0,1398.0,631.0,1401.0,634.0
2136,0,2137,0,Plaques,1.0,0.0,1404.75,632.25,4.0,1404.0,631.0,1406.0,634.0
2137,0,2138,0,Plaques,1.0,0.0,1415.6,632.2,5.0,1415.0,631.0,1417.0,634.0
2138,0,2139,0,Plaques,1.0,0.0,1536.7142,632.0,7.0,1536.0,631.0,1539.0,634.0
2139,0,2140,0,Plaques,1.0,0.0,1563.8334,632.1667,6.0,1563.0,631.0,1566.0,634.0
2140,0,2141,0,Plaques,1.0,0.0,1656.2,631.6,5.0,1655.0,631.0,1658.0,633.0
2141,0,2142,0,Plaques,1.0,0.0,332.875,632.875,8.0,332.0,632.0,335.0,635.0
2142,0,2143,0,Plaques,1.0,0.0,421.33334,632.3333,3.0,421.0,632.0,423.0,634.0
2143,0,2144,0,Plaques,1.0,0.0,536.5,632.5,4.0,536.0,632.0,538.0,634.0
2144,0,2145,0,Plaques,1.0,0.0,844.8889,633.6667,9.0,844.0,632.0,847.0,636.0
2145,0,2146,0,Plaques,1.0,0.0,882.0,632.7143,7.0,881.0,632.0,884.0,635.0
2146,0,2147,0,Plaques,1.0,0.0,960.5,632.5,4.0,960.0,632.0,962.0,634.0
2147,0,2148,0,Plaques,1.0,0.0,979.5833,633.25,12.0,978.0,632.0,982.0,636.0
2148,0,2149,0,Plaques,1.0,0.0,1074.4445,633.3333,9.0,1073.0,632.0,1077.0,635.0
2149,0,2150,0,Plaques,1.0,0.0,1345.5,633.5,12.0,1344.0,632.0,1348.0,636.0
2150,0,2151,0,Plaques,1.0,0.0,578.3333,633.6667,3.0,578.0,633.0,580.0,635.0
2151,0,2152,0,Plaques,1.0,0.0,849.43475,637.43475,23.0,848.0,633.0,852.0,642.0
2152,0,2153,0,Plaques,1.0,0.0,906.63635,634.0909,11.0,905.0,633.0,909.0,636.0
2153,0,2154,0,Plaques,1.0,0.0,939.0,634.0,7.0,938.0,633.0,941.0,636.0
2154,0,2155,0,Plaques,1.0,0.0,944.5,633.5,4.0,944.0,633.0,946.0,635.0
2155,0,2156,0,Plaques,1.0,0.0,1066.4681,636.4894,47.0,1062.0,633.0,1073.0,641.0
2156,0,2157,0,Plaques,1.0,0.0,1272.3334,634.1111,9.0,1271.0,633.0,1275.0,636.0
2157,0,2158,0,Plaques,1.0,0.0,1510.5,633.5,4.0,1510.0,633.0,1512.0,635.0
2158,0,2159,0,Plaques,1.0,0.0,1673.5,633.5,4.0,1673.0,633.0,1675.0,635.0
2159,0,2160,0,Plaques,1.0,0.0,429.33334,634.3333,3.0,429.0,634.0,431.0,636.0
2160,0,2161,0,Plaques,1.0,0.0,460.33334,634.3333,3.0,460.0,634.0,462.0,636.0
2161,0,2162,0,Plaques,1.0,0.0,564.6667,634.6667,3.0,564.0,634.0,566.0,636.0
2162,0,2163,0,Plaques,1.0,0.0,729.9091,635.36365,11.0,729.0,634.0,732.0,638.0
2163,0,2164,0,Plaques,1.0,0.0,769.76666,638.6667,30.0,767.0,634.0,773.0,643.0
2164,0,2165,0,Plaques,1.0,0.0,808.875,635.625,16.0,807.0,634.0,812.0,639.0
2165,0,2166,0,Plaques,1.0,0.0,1049.3125,635.9375,16.0,1047.0,634.0,1053.0,639.0
2166,0,2167,0,Plaques,1.0,0.0,1176.2,634.4,5.0,1175.0,634.0,1178.0,636.0
2167,0,2168,0,Plaques,1.0,0.0,1433.8,634.4,5.0,1433.0,634.0,1436.0,636.0
2168,0,2169,0,Plaques,1.0,0.0,1545.5,635.0,6.0,1545.0,634.0,1547.0,637.0
2169,0,2170,0,Plaques,1.0,0.0,343.83334,635.8333,6.0,343.0,635.0,346.0,638.0
2170,0,2171,0,Plaques,1.0,0.0,437.2857,636.0,7.0,436.0,635.0,439.0,638.0
2171,0,2172,0,Plaques,1.0,0.0,527.5833,635.8333,12.0,526.0,635.0,531.0,638.0
2172,0,2173,0,Plaques,1.0,0.0,761.5,636.0,12.0,760.0,635.0,764.0,638.0
2173,0,2174,0,Plaques,1.0,0.0,814.8889,636.6667,9.0,814.0,635.0,817.0,639.0
2174,0,2175,0,Plaques,1.0,0.0,831.03125,636.78125,32.0,826.0,635.0,836.0,640.0
2175,0,2176,0,Plaques,1.0,0.0,860.3333,635.3333,3.0,860.0,635.0,862.0,637.0
2176,0,2177,0,Plaques,1.0,0.0,880.3333,636.1667,6.0,879.0,635.0,882.0,638.0
2177,0,2178,0,Plaques,1.0,0.0,1038.6666,635.6667,3.0,1038.0,635.0,1040.0,637.0
2178,0,2179,0,Plaques,1.0,0.0,1637.5,635.5,4.0,1637.0,635.0,1639.0,637.0
2179,0,2180,0,Plaques,1.0,0.0,303.33334,636.3333,3.0,303.0,636.0,305.0,638.0
2180,0,2181,0,Plaques,1.0,0.0,456.83334,636.8333,6.0,456.0,636.0,459.0,639.0
2181,0,2182,0,Plaques,1.0,0.0,741.6,637.2,5.0,741.0,636.0,743.0,639.0
2182,0,2183,0,Plaques,1.0,0.0,971.36365,637.5455,11.0,970.0,636.0,974.0,640.0
2183,0,2184,0,Plaques,1.0,0.0,983.5,636.5,4.0,983.0,636.0,985.0,638.0
2184,0,2185,0,Plaques,1.0,0.0,1030.0,637.2857,7.0,1029.0,636.0,1032.0,639.0
2185,0,2186,0,Plaques,1.0,0.0,1332.6842,644.9737,76.0,1327.0,636.0,1337.0,655.0
2186,0,2187,0,Plaques,1.0,0.0,1492.8,636.4,5.0,1492.0,636.0,1495.0,638.0
2187,0,2188,0,Plaques,1.0,0.0,1497.5,636.5,4.0,1497.0,636.0,1499.0,638.0
2188,0,2189,0,Plaques,1.0,0.0,1506.2,636.6,5.0,1505.0,636.0,1508.0,638.0
2189,0,2190,0,Plaques,1.0,0.0,316.0,637.5,6.0,315.0,637.0,318.0,639.0
2190,0,2191,0,Plaques,1.0,0.0,401.78946,639.3684,19.0,400.0,637.0,405.0,642.0
2191,0,2192,0,Plaques,1.0,0.0,841.0,638.5294,17.0,838.0,637.0,844.0,641.0
2192,0,2193,0,Plaques,1.0,0.0,989.8,637.4,5.0,989.0,637.0,992.0,639.0
2193,0,2194,0,Plaques,1.0,0.0,1078.7778,639.5,18.0,1077.0,637.0,1081.0,643.0
2194,0,2195,0,Plaques,1.0,0.0,1229.0,637.7143,7.0,1228.0,637.0,1231.0,640.0
2195,0,2196,0,Plaques,1.0,0.0,1266.3334,637.6667,3.0,1266.0,637.0,1268.0,639.0
2196,0,2197,0,Plaques,1.0,0.0,1398.1837,639.9388,49.0,1392.0,637.0,1405.0,645.0
2197,0,2198,0,Plaques,1.0,0.0,1524.125,638.125,8.0,1523.0,637.0,1526.0,640.0
2198,0,2199,0,Plaques,1.0,0.0,1538.5555,639.96295,27.0,1535.0,637.0,1542.0,643.0
2199,0,2200,0,Plaques,1.0,0.0,1613.8441,649.5844,154.0,1601.0,637.0,1629.0,662.0
2200,0,2201,0,Plaques,1.0,0.0,1642.0,637.7143,7.0,1641.0,637.0,1644.0,640.0
2201,0,2202,0,Plaques,1.0,0.0,582.63635,638.9091,11.0,581.0,638.0,585.0,641.0
2202,0,2203,0,Plaques,1.0,0.0,755.35297,640.0,17.0,753.0,638.0,758.0,643.0
2203,0,2204,0,Plaques,1.0,0.0,779.86365,639.7273,22.0,776.0,638.0,784.0,643.0
2204,0,2205,0,Plaques,1.0,0.0,893.2857,640.2143,14.0,892.0,638.0,895.0,644.0
2205,0,2206,0,Plaques,1.0,0.0,921.6,638.8,5.0,921.0,638.0,923.0,641.0
2206,0,2207,0,Plaques,1.0,0.0,931.0,639.2857,7.0,930.0,638.0,933.0,641.0
2207,0,2208,0,Plaques,1.0,0.0,1341.0,638.5,6.0,1340.0,638.0,1343.0,640.0
2208,0,2209,0,Plaques,1.0,0.0,322.0,640.5,8.0,321.0,639.0,324.0,643.0
2209,0,2210,0,Plaques,1.0,0.0,408.81818,640.1818,11.0,407.0,639.0,411.0,643.0
2210,0,2211,0,Plaques,1.0,0.0,705.5,639.5,4.0,705.0,639.0,707.0,641.0
2211,0,2212,0,Plaques,1.0,0.0,902.2,639.4,5.0,901.0,639.0,904.0,641.0
2212,0,2213,0,Plaques,1.0,0.0,945.5,639.5,4.0,945.0,639.0,947.0,641.0
2213,0,2214,0,Plaques,1.0,0.0,1632.0,640.5,8.0,1631.0,639.0,1634.0,643.0
2214,0,2215,0,Plaques,1.0,0.0,297.05554,642.8333,18.0,295.0,640.0,300.0,647.0
2215,0,2216,0,Plaques,1.0,0.0,724.5,640.5,4.0,724.0,640.0,726.0,642.0
2216,0,2217,0,Plaques,1.0,0.0,808.3333,640.3333,3.0,808.0,640.0,810.0,642.0
2217,0,2218,0,Plaques,1.0,0.0,856.5,640.5,4.0,856.0,640.0,858.0,642.0
2218,0,2219,0,Plaques,1.0,0.0,940.1667,641.1667,6.0,939.0,640.0,942.0,643.0
2219,0,2220,0,Plaques,1.0,0.0,1013.2857,641.0,7.0,1012.0,640.0,1015.0,643.0
2220,0,2221,0,Plaques,1.0,0.0,1021.8,640.6,5.0,1021.0,640.0,1024.0,642.0
2221,0,2222,0,Plaques,1.0,0.0,1205.6666,640.3333,3.0,1205.0,640.0,1207.0,642.0
2222,0,2223,0,Plaques,1.0,0.0,1646.5,641.0,6.0,1646.0,640.0,1648.0,643.0
2223,0,2224,0,Plaques,1.0,0.0,1744.8,641.0,10.0,1743.0,640.0,1747.0,643.0
2224,0,2225,0,Plaques,1.0,0.0,317.0,642.2857,7.0,316.0,641.0,319.0,644.0
2225,0,2226,0,Plaques,1.0,0.0,423.5,642.0,6.0,423.0,641.0,425.0,644.0
2226,0,2227,0,Plaques,1.0,0.0,534.0,642.0,9.0,533.0,641.0,536.0,644.0
2227,0,2228,0,Plaques,1.0,0.0,718.0,641.5,6.0,717.0,641.0,720.0,643.0
2228,0,2229,0,Plaques,1.0,0.0,881.0,641.7143,7.0,880.0,641.0,883.0,644.0
2229,0,2230,0,Plaques,1.0,0.0,984.0,641.7143,7.0,983.0,641.0,986.0,644.0
2230,0,2231,0,Plaques,1.0,0.0,1059.8462,643.2308,13.0,1058.0,641.0,1062.0,646.0
2231,0,2232,0,Plaques,1.0,0.0,572.5,642.5,4.0,572.0,642.0,574.0,644.0
2232,0,2233,0,Plaques,1.0,0.0,1008.0,643.0,7.0,1007.0,642.0,1010.0,645.0
2233,0,2234,0,Plaques,1.0,0.0,1066.875,643.125,8.0,1066.0,642.0,1069.0,645.0
2234,0,2235,0,Plaques,1.0,0.0,1074.3572,643.7857,14.0,1073.0,642.0,1077.0,647.0
2235,0,2236,0,Plaques,1.0,0.0,1208.4445,643.1111,9.0,1207.0,642.0,1211.0,645.0
2236,0,2237,0,Plaques,1.0,0.0,1495.5,642.5,4.0,1495.0,642.0,1497.0,644.0
2237,0,2238,0,Plaques,1.0,0.0,1613.0,642.7143,7.0,1612.0,642.0,1615.0,645.0
2238,0,2239,0,Plaques,1.0,0.0,1705.2,642.6,5.0,1704.0,642.0,1707.0,644.0
2239,0,2240,0,Plaques,1.0,0.0,381.5,644.5,8.0,381.0,643.0,383.0,647.0
2240,0,2241,0,Plaques,1.0,0.0,729.9355,645.5161,31.0,726.0,643.0,736.0,650.0
2241,0,2242,0,Plaques,1.0,0.0,802.1875,644.0,16.0,800.0,643.0,806.0,646.0
2242,0,2243,0,Plaques,1.0,0.0,829.13336,644.2,15.0,827.0,643.0,832.0,647.0
2243,0,2244,0,Plaques,1.0,0.0,877.5,643.5,4.0,877.0,643.0,879.0,645.0
2244,0,2245,0,Plaques,1.0,0.0,1149.5454,644.63635,11.0,1148.0,643.0,1152.0,647.0
2245,0,2246,0,Plaques,1.0,0.0,645.5,644.5,4.0,645.0,644.0,647.0,646.0
2246,0,2247,0,Plaques,1.0,0.0,758.0,645.75,16.0,756.0,644.0,761.0,649.0
2247,0,2248,0,Plaques,1.0,0.0,782.0,648.36584,41.0,779.0,644.0,786.0,654.0
2248,0,2249,0,Plaques,1.0,0.0,840.8,644.4,5.0,840.0,644.0,843.0,646.0
2249,0,2250,0,Plaques,1.0,0.0,887.6667,644.6667,3.0,887.0,644.0,889.0,646.0
2250,0,2251,0,Plaques,1.0,0.0,899.5,644.5,4.0,899.0,644.0,901.0,646.0
2251,0,2252,0,Plaques,1.0,0.0,1027.0,645.5,10.0,1026.0,644.0,1029.0,648.0
2252,0,2253,0,Plaques,1.0,0.0,1202.4615,645.61536,13.0,1201.0,644.0,1205.0,648.0
2253,0,2254,0,Plaques,1.0,0.0,1398.1666,646.4167,12.0,1397.0,644.0,1400.0,650.0
2254,0,2255,0,Plaques,1.0,0.0,1525.3334,644.6667,3.0,1525.0,644.0,1527.0,646.0
2255,0,2256,0,Plaques,1.0,0.0,403.8409,650.0909,44.0,401.0,645.0,409.0,656.0
2256,0,2257,0,Plaques,1.0,0.0,576.5,645.5,4.0,576.0,645.0,578.0,647.0
2257,0,2258,0,Plaques,1.0,0.0,765.7778,647.6667,18.0,763.0,645.0,769.0,651.0
2258,0,2259,0,Plaques,1.0,0.0,792.75,646.4167,12.0,791.0,645.0,795.0,649.0
2259,0,2260,0,Plaques,1.0,0.0,809.1539,646.38464,13.0,807.0,645.0,812.0,649.0
2260,0,2261,0,Plaques,1.0,0.0,817.2143,649.6786,28.0,815.0,645.0,822.0,654.0
2261,0,2262,0,Plaques,1.0,0.0,927.9167,647.1667,12.0,927.0,645.0,930.0,650.0
2262,0,2263,0,Plaques,1.0,0.0,967.2,645.4,5.0,966.0,645.0,969.0,647.0
2263,0,2264,0,Plaques,1.0,0.0,977.6667,645.8889,9.0,976.0,645.0,980.0,648.0
2264,0,2265,0,Plaques,1.0,0.0,1084.909,646.36365,11.0,1084.0,645.0,1087.0,649.0
2265,0,2266,0,Plaques,1.0,0.0,1227.0834,646.8333,12.0,1226.0,645.0,1229.0,650.0
2266,0,2267,0,Plaques,1.0,0.0,1353.6,646.2,5.0,1353.0,645.0,1355.0,648.0
2267,0,2268,0,Plaques,1.0,0.0,1700.9807,648.6539,52.0,1697.0,645.0,1706.0,653.0
2268,0,2269,0,Plaques,1.0,0.0,372.45456,647.9091,22.0,369.0,646.0,377.0,651.0
2269,0,2270,0,Plaques,1.0,0.0,393.08334,647.8333,12.0,392.0,646.0,395.0,651.0
2270,0,2271,0,Plaques,1.0,0.0,740.5,646.5,4.0,740.0,646.0,742.0,648.0
2271,0,2272,0,Plaques,1.0,0.0,744.8889,647.6667,9.0,744.0,646.0,747.0,650.0
2272,0,2273,0,Plaques,1.0,0.0,776.6,647.2,5.0,776.0,646.0,778.0,649.0
2273,0,2274,0,Plaques,1.0,0.0,846.5,647.0,12.0,845.0,646.0,849.0,649.0
2274,0,2275,0,Plaques,1.0,0.0,944.36365,647.0909,11.0,943.0,646.0,947.0,649.0
2275,0,2276,0,Plaques,1.0,0.0,960.4,647.2,5.0,960.0,646.0,962.0,649.0
2276,0,2277,0,Plaques,1.0,0.0,1020.5,646.5,4.0,1020.0,646.0,1022.0,648.0
2277,0,2278,0,Plaques,1.0,0.0,1410.3334,646.3333,3.0,1410.0,646.0,1412.0,648.0
2278,0,2279,0,Plaques,1.0,0.0,1467.3334,646.3333,3.0,1467.0,646.0,1469.0,648.0
2279,0,2280,0,Plaques,1.0,0.0,1635.0667,648.06665,15.0,1633.0,646.0,1638.0,651.0
2280,0,2281,0,Plaques,1.0,0.0,1653.8182,647.8182,11.0,1652.0,646.0,1656.0,650.0
2281,0,2282,0,Plaques,1.0,0.0,1675.6666,646.6667,3.0,1675.0,646.0,1677.0,648.0
2282,0,2283,0,Plaques,1.0,0.0,1711.5,646.5,4.0,1711.0,646.0,1713.0,648.0
2283,0,2284,0,Plaques,1.0,0.0,363.0,648.0,5.0,362.0,647.0,365.0,650.0
2284,0,2285,0,Plaques,1.0,0.0,834.4375,648.625,16.0,832.0,647.0,837.0,651.0
2285,0,2286,0,Plaques,1.0,0.0,1185.2,647.6,5.0,1184.0,647.0,1187.0,649.0
2286,0,2287,0,Plaques,1.0,0.0,1191.75,647.5,12.0,1189.0,647.0,1196.0,649.0
2287,0,2288,0,Plaques,1.0,0.0,1497.421,649.1053,19.0,1495.0,647.0,1501.0,652.0
2288,0,2289,0,Plaques,1.0,0.0,1644.5,647.5,4.0,1644.0,647.0,1646.0,649.0
2289,0,2290,0,Plaques,1.0,0.0,386.0,648.5,6.0,385.0,648.0,388.0,650.0
2290,0,2291,0,Plaques,1.0,0.0,705.75,649.0,4.0,705.0,648.0,707.0,651.0
2291,0,2292,0,Plaques,1.0,0.0,718.5,648.5,4.0,718.0,648.0,720.0,650.0
2292,0,2293,0,Plaques,1.0,0.0,751.5,649.5,12.0,750.0,648.0,754.0,652.0
2293,0,2294,0,Plaques,1.0,0.0,863.125,649.125,8.0,862.0,648.0,865.0,651.0
2294,0,2295,0,Plaques,1.0,0.0,1222.0,649.0,7.0,1221.0,648.0,1224.0,651.0
2295,0,2296,0,Plaques,1.0,0.0,1325.1,649.4,10.0,1324.0,648.0,1328.0,652.0
2296,0,2297,0,Plaques,1.0,0.0,838.4828,652.86206,29.0,834.0,649.0,844.0,657.0
2297,0,2298,0,Plaques,1.0,0.0,932.5,649.5,4.0,932.0,649.0,934.0,651.0
2298,0,2299,0,Plaques,1.0,0.0,980.8333,649.8333,6.0,980.0,649.0,983.0,652.0
2299,0,2300,0,Plaques,1.0,0.0,985.0,649.5,6.0,984.0,649.0,987.0,651.0
2300,0,2301,0,Plaques,1.0,0.0,1009.2,649.6,5.0,1008.0,649.0,1011.0,651.0
2301,0,2302,0,Plaques,1.0,0.0,1173.2,649.6,5.0,1172.0,649.0,1175.0,651.0
2302,0,2303,0,Plaques,1.0,0.0,1342.2307,650.38464,13.0,1341.0,649.0,1345.0,653.0
2303,0,2304,0,Plaques,1.0,0.0,1518.2858,650.0,7.0,1517.0,649.0,1520.0,652.0
2304,0,2305,0,Plaques,1.0,0.0,1540.8,650.0,10.0,1539.0,649.0,1543.0,652.0
2305,0,2306,0,Plaques,1.0,0.0,396.7143,651.0,7.0,396.0,650.0,399.0,653.0
2306,0,2307,0,Plaques,1.0,0.0,730.8158,655.3684,38.0,729.0,650.0,734.0,662.0
2307,0,2308,0,Plaques,1.0,0.0,769.875,651.125,8.0,769.0,650.0,772.0,653.0
2308,0,2309,0,Plaques,1.0,0.0,796.625,650.75,8.0,795.0,650.0,799.0,653.0
2309,0,2310,0,Plaques,1.0,0.0,1065.4117,651.8823,17.0,1064.0,650.0,1068.0,655.0
2310,0,2311,0,Plaques,1.0,0.0,1165.6666,651.5,12.0,1162.0,650.0,1169.0,653.0
2311,0,2312,0,Plaques,1.0,0.0,1491.0,651.0,7.0,1490.0,650.0,1493.0,653.0
2312,0,2313,0,Plaques,1.0,0.0,1514.5,650.5,4.0,1514.0,650.0,1516.0,652.0
2313,0,2314,0,Plaques,1.0,0.0,138.875,651.875,8.0,138.0,651.0,141.0,654.0
2314,0,2315,0,Plaques,1.0,0.0,377.83334,651.6667,6.0,376.0,651.0,380.0,653.0
2315,0,2316,0,Plaques,1.0,0.0,527.4,651.8,5.0,527.0,651.0,529.0,654.0
2316,0,2317,0,Plaques,1.0,0.0,739.0,652.8182,22.0,736.0,651.0,743.0,656.0
2317,0,2318,0,Plaques,1.0,0.0,829.05554,653.94446,18.0,827.0,651.0,832.0,658.0
2318,0,2319,0,Plaques,1.0,0.0,941.1111,652.6667,9.0,940.0,651.0,943.0,655.0
2319,0,2320,0,Plaques,1.0,0.0,946.5,651.5,4.0,946.0,651.0,948.0,653.0
2320,0,2321,0,Plaques,1.0,0.0,1074.075,656.0,40.0,1070.0,651.0,1079.0,661.0
2321,0,2322,0,Plaques,1.0,0.0,1486.2,651.6,5.0,1485.0,651.0,1488.0,653.0
2322,0,2323,0,Plaques,1.0,0.0,1529.7759,656.89655,58.0,1523.0,651.0,1537.0,662.0
2323,0,2324,0,Plaques,1.0,0.0,1642.2572,654.4286,35.0,1639.0,651.0,1646.0,658.0
2324,0,2325,0,Plaques,1.0,0.0,539.3333,652.3333,3.0,539.0,652.0,541.0,654.0
2325,0,2326,0,Plaques,1.0,0.0,577.0,653.0,9.0,576.0,652.0,579.0,655.0
2326,0,2327,0,Plaques,1.0,0.0,788.1818,653.8182,11.0,787.0,652.0,791.0,656.0
2327,0,2328,0,Plaques,1.0,0.0,1018.1667,652.8333,6.0,1017.0,652.0,1020.0,655.0
2328,0,2329,0,Plaques,1.0,0.0,1143.0,653.2857,7.0,1142.0,652.0,1145.0,655.0
2329,0,2330,0,Plaques,1.0,0.0,1222.3604,657.3823,136.0,1208.0,652.0,1241.0,668.0
2330,0,2331,0,Plaques,1.0,0.0,1244.3334,652.6667,9.0,1242.0,652.0,1248.0,654.0
2331,0,2332,0,Plaques,1.0,0.0,1253.9941,665.6272,507.0,1227.0,652.0,1286.0,680.0
2332,0,2333,0,Plaques,1.0,0.0,1649.5,652.5,4.0,1649.0,652.0,1651.0,654.0
2333,0,2334,0,Plaques,1.0,0.0,1743.875,652.875,8.0,1743.0,652.0,1746.0,655.0
2334,0,2335,0,Plaques,1.0,0.0,633.5,653.5,4.0,633.0,653.0,635.0,655.0
2335,0,2336,0,Plaques,1.0,0.0,916.0,654.2857,7.0,915.0,653.0,918.0,656.0
2336,0,2337,0,Plaques,1.0,0.0,952.875,653.875,8.0,952.0,653.0,955.0,656.0
2337,0,2338,0,Plaques,1.0,0.0,1055.8889,653.8889,9.0,1054.0,653.0,1058.0,656.0
2338,0,2339,0,Plaques,1.0,0.0,1147.8,653.4,5.0,1147.0,653.0,1150.0,655.0
2339,0,2340,0,Plaques,1.0,0.0,1393.5,654.0,6.0,1393.0,653.0,1395.0,656.0
2340,0,2341,0,Plaques,1.0,0.0,1690.5454,654.36365,11.0,1689.0,653.0,1693.0,657.0
2341,0,2342,0,Plaques,1.0,0.0,297.875,655.125,8.0,297.0,654.0,300.0,657.0
2342,0,2343,0,Plaques,1.0,0.0,929.8333,656.4167,12.0,929.0,654.0,932.0,659.0
2343,0,2344,0,Plaques,1.0,0.0,1375.5,654.5,4.0,1375.0,654.0,1377.0,656.0
2344,0,2345,0,Plaques,1.0,0.0,1655.5,654.5,4.0,1655.0,654.0,1657.0,656.0
2345,0,2346,0,Plaques,1.0,0.0,112.0,655.5,6.0,111.0,655.0,114.0,657.0
2346,0,2347,0,Plaques,1.0,0.0,358.0,656.0,5.0,357.0,655.0,360.0,658.0
2347,0,2348,0,Plaques,1.0,0.0,531.5,656.0,6.0,531.0,655.0,533.0,658.0
2348,0,2349,0,Plaques,1.0,0.0,870.63635,655.9091,11.0,869.0,655.0,873.0,658.0
2349,0,2350,0,Plaques,1.0,0.0,1087.5555,655.6667,9.0,1086.0,655.0,1090.0,658.0
2350,0,2351,0,Plaques,1.0,0.0,1334.8292,662.5732,82.0,1331.0,655.0,1342.0,671.0
2351,0,2352,0,Plaques,1.0,0.0,1542.6666,655.6667,3.0,1542.0,655.0,1544.0,657.0
2352,0,2353,0,Plaques,1.0,0.0,393.5,656.5,4.0,393.0,656.0,395.0,658.0
2353,0,2354,0,Plaques,1.0,0.0,718.0,656.25,4.0,717.0,656.0,720.0,658.0
2354,0,2355,0,Plaques,1.0,0.0,757.6667,658.8182,33.0,754.0,656.0,762.0,662.0
2355,0,2356,0,Plaques,1.0,0.0,799.2727,657.2727,11.0,797.0,656.0,802.0,660.0
2356,0,2357,0,Plaques,1.0,0.0,892.2857,660.1905,21.0,890.0,656.0,895.0,665.0
2357,0,2358,0,Plaques,1.0,0.0,942.5,657.0,6.0,942.0,656.0,944.0,659.0
2358,0,2359,0,Plaques,1.0,0.0,1009.7143,657.0,7.0,1009.0,656.0,1012.0,659.0
2359,0,2360,0,Plaques,1.0,0.0,1043.5,657.0,10.0,1042.0,656.0,1046.0,659.0
2360,0,2361,0,Plaques,1.0,0.0,1061.9333,657.4,15.0,1060.0,656.0,1065.0,660.0
2361,0,2362,0,Plaques,1.0,0.0,742.6,658.6,10.0,741.0,657.0,745.0,661.0
2362,0,2363,0,Plaques,1.0,0.0,750.2143,658.3571,14.0,748.0,657.0,753.0,661.0
2363,0,2364,0,Plaques,1.0,0.0,771.1539,659.0,13.0,770.0,657.0,773.0,662.0
2364,0,2365,0,Plaques,1.0,0.0,907.0,657.5,6.0,906.0,657.0,909.0,659.0
2365,0,2366,0,Plaques,1.0,0.0,1374.8334,658.1667,6.0,1374.0,657.0,1377.0,660.0
2366,0,2367,0,Plaques,1.0,0.0,1386.3334,658.1667,6.0,1385.0,657.0,1388.0,660.0
2367,0,2368,0,Plaques,1.0,0.0,1484.25,659.2083,24.0,1481.0,657.0,1489.0,662.0
2368,0,2369,0,Plaques,1.0,0.0,1509.9,658.1,10.0,1508.0,657.0,1513.0,660.0
2369,0,2370,0,Plaques,1.0,0.0,1608.95,659.15,20.0,1607.0,657.0,1612.0,663.0
2370,0,2371,0,Plaques,1.0,0.0,147.16667,659.1667,6.0,146.0,658.0,149.0,661.0
2371,0,2372,0,Plaques,1.0,0.0,766.5,658.5,4.0,766.0,658.0,768.0,660.0
2372,0,2373,0,Plaques,1.0,0.0,841.3333,658.3333,3.0,841.0,658.0,843.0,660.0
2373,0,2374,0,Plaques,1.0,0.0,856.5,658.5,4.0,856.0,658.0,858.0,660.0
2374,0,2375,0,Plaques,1.0,0.0,884.125,658.875,8.0,883.0,658.0,886.0,661.0
2375,0,2376,0,Plaques,1.0,0.0,901.5,658.5,4.0,901.0,658.0,903.0,660.0
2376,0,2377,0,Plaques,1.0,0.0,1079.5,658.5,4.0,1079.0,658.0,1081.0,660.0
2377,0,2378,0,Plaques,1.0,0.0,1341.92,661.04,25.0,1338.0,658.0,1346.0,665.0
2378,0,2379,0,Plaques,1.0,0.0,633.5,660.0,6.0,633.0,659.0,635.0,662.0
2379,0,2380,0,Plaques,1.0,0.0,638.5,659.5,4.0,638.0,659.0,640.0,661.0
2380,0,2381,0,Plaques,1.0,0.0,971.1667,662.5,24.0,969.0,659.0,974.0,666.0
2381,0,2382,0,Plaques,1.0,0.0,1146.6666,659.6667,6.0,1146.0,659.0,1149.0,662.0
2382,0,2383,0,Plaques,1.0,0.0,1391.5,659.5,4.0,1391.0,659.0,1393.0,661.0
2383,0,2384,0,Plaques,1.0,0.0,1435.5,659.5,4.0,1435.0,659.0,1437.0,661.0
2384,0,2385,0,Plaques,1.0,0.0,359.33334,660.3333,3.0,359.0,660.0,361.0,662.0
2385,0,2386,0,Plaques,1.0,0.0,622.3333,660.3333,3.0,622.0,660.0,624.0,662.0
2386,0,2387,0,Plaques,1.0,0.0,818.6667,661.5,12.0,817.0,660.0,821.0,664.0
2387,0,2388,0,Plaques,1.0,0.0,832.125,661.125,8.0,831.0,660.0,834.0,663.0
2388,0,2389,0,Plaques,1.0,0.0,845.5,660.5,4.0,845.0,660.0,847.0,662.0
2389,0,2390,0,Plaques,1.0,0.0,865.8333,660.8333,6.0,865.0,660.0,868.0,663.0
2390,0,2391,0,Plaques,1.0,0.0,1004.125,660.875,8.0,1003.0,660.0,1006.0,663.0
2391,0,2392,0,Plaques,1.0,0.0,1364.125,661.125,8.0,1363.0,660.0,1366.0,663.0
2392,0,2393,0,Plaques,1.0,0.0,1519.5,661.0,6.0,1518.0,660.0,1522.0,663.0
2393,0,2394,0,Plaques,1.0,0.0,285.66666,661.6667,3.0,285.0,661.0,287.0,663.0
2394,0,2395,0,Plaques,1.0,0.0,371.5,661.5,4.0,371.0,661.0,373.0,663.0
2395,0,2396,0,Plaques,1.0,0.0,545.5,661.5,4.0,545.0,661.0,547.0,663.0
2396,0,2397,0,Plaques,1.0,0.0,765.0,662.0,9.0,764.0,661.0,767.0,664.0
2397,0,2398,0,Plaques,1.0,0.0,789.8889,662.2222,9.0,788.0,661.0,792.0,664.0
2398,0,2399,0,Plaques,1.0,0.0,851.8333,661.8333,6.0,851.0,661.0,854.0,664.0
2399,0,2400,0,Plaques,1.0,0.0,960.3333,662.3333,6.0,959.0,661.0,962.0,664.0
2400,0,2401,0,Plaques,1.0,0.0,1050.5,661.5,4.0,1050.0,661.0,1052.0,663.0
2401,0,2402,0,Plaques,1.0,0.0,1374.8889,662.8889,9.0,1374.0,661.0,1377.0,665.0
2402,0,2403,0,Plaques,1.0,0.0,1460.0,661.5,6.0,1459.0,661.0,1462.0,663.0
2403,0,2404,0,Plaques,1.0,0.0,1466.0,661.5,6.0,1465.0,661.0,1468.0,663.0
2404,0,2405,0,Plaques,1.0,0.0,1592.6666,661.6667,3.0,1592.0,661.0,1594.0,663.0
2405,0,2406,0,Plaques,1.0,0.0,1634.1666,662.1667,6.0,1633.0,661.0,1636.0,664.0
2406,0,2407,0,Plaques,1.0,0.0,339.46667,663.6667,15.0,338.0,662.0,342.0,667.0
2407,0,2408,0,Plaques,1.0,0.0,536.125,662.875,8.0,535.0,662.0,538.0,665.0
2408,0,2409,0,Plaques,1.0,0.0,777.5417,664.7083,24.0,775.0,662.0,781.0,668.0
2409,0,2410,0,Plaques,1.0,0.0,858.1667,662.8333,6.0,857.0,662.0,860.0,665.0
2410,0,2411,0,Plaques,1.0,0.0,924.5,662.5,4.0,924.0,662.0,926.0,664.0
2411,0,2412,0,Plaques,1.0,0.0,928.5,662.5,4.0,928.0,662.0,930.0,664.0
2412,0,2413,0,Plaques,1.0,0.0,1055.6666,662.3333,3.0,1055.0,662.0,1057.0,664.0
2413,0,2414,0,Plaques,1.0,0.0,1141.25,663.0,4.0,1141.0,662.0,1143.0,665.0
2414,0,2415,0,Plaques,1.0,0.0,1367.8235,663.94116,17.0,1366.0,662.0,1371.0,667.0
2415,0,2416,0,Plaques,1.0,0.0,1445.25,663.0,12.0,1443.0,662.0,1448.0,666.0
2416,0,2417,0,Plaques,1.0,0.0,1671.7142,663.0,7.0,1671.0,662.0,1674.0,665.0
2417,0,2418,0,Plaques,1.0,0.0,1689.125,663.125,8.0,1688.0,662.0,1691.0,665.0
2418,0,2419,0,Plaques,1.0,0.0,1708.5,662.5,4.0,1708.0,662.0,1710.0,664.0
2419,0,2420,0,Plaques,1.0,0.0,350.83334,664.1667,6.0,350.0,663.0,353.0,666.0
2420,0,2421,0,Plaques,1.0,0.0,376.5,663.5,4.0,376.0,663.0,378.0,665.0
2421,0,2422,0,Plaques,1.0,0.0,795.2,664.0,10.0,794.0,663.0,798.0,666.0
2422,0,2423,0,Plaques,1.0,0.0,835.5,665.0,16.0,834.0,663.0,838.0,668.0
2423,0,2424,0,Plaques,1.0,0.0,1200.4615,664.0769,13.0,1198.0,663.0,1204.0,666.0
2424,0,2425,0,Plaques,1.0,0.0,1348.2142,667.2619,42.0,1345.0,663.0,1353.0,672.0
2425,0,2426,0,Plaques,1.0,0.0,1391.125,664.125,8.0,1390.0,663.0,1393.0,666.0
2426,0,2427,0,Plaques,1.0,0.0,1469.3334,663.6667,3.0,1469.0,663.0,1471.0,665.0
2427,0,2428,0,Plaques,1.0,0.0,1655.0,664.8,10.0,1654.0,663.0,1657.0,667.0
2428,0,2429,0,Plaques,1.0,0.0,530.5,664.5,4.0,530.0,664.0,532.0,666.0
2429,0,2430,0,Plaques,1.0,0.0,785.5,664.5,4.0,785.0,664.0,787.0,666.0
2430,0,2431,0,Plaques,1.0,0.0,1029.0,665.9474,19.0,1025.0,664.0,1033.0,668.0
2431,0,2432,0,Plaques,1.0,0.0,1088.5,664.5,4.0,1088.0,664.0,1090.0,666.0
2432,0,2433,0,Plaques,1.0,0.0,1693.5,664.5,4.0,1693.0,664.0,1695.0,666.0
2433,0,2434,0,Plaques,1.0,0.0,524.7368,666.7368,19.0,523.0,665.0,528.0,670.0
2434,0,2435,0,Plaques,1.0,0.0,736.2857,666.0,7.0,735.0,665.0,738.0,668.0
2435,0,2436,0,Plaques,1.0,0.0,811.9091,666.36365,11.0,811.0,665.0,814.0,669.0
2436,0,2437,0,Plaques,1.0,0.0,846.5,665.5,4.0,846.0,665.0,848.0,667.0
2437,0,2438,0,Plaques,1.0,0.0,915.875,665.875,8.0,915.0,665.0,918.0,668.0
2438,0,2439,0,Plaques,1.0,0.0,982.8,666.0,10.0,981.0,665.0,985.0,668.0
2439,0,2440,0,Plaques,1.0,0.0,1074.5883,667.17645,17.0,1072.0,665.0,1078.0,671.0
2440,0,2441,0,Plaques,1.0,0.0,1623.1111,666.3333,9.0,1622.0,665.0,1625.0,669.0
2441,0,2442,0,Plaques,1.0,0.0,361.4375,668.25,16.0,360.0,666.0,364.0,671.0
2442,0,2443,0,Plaques,1.0,0.0,622.7368,669.0526,19.0,621.0,666.0,627.0,674.0
2443,0,2444,0,Plaques,1.0,0.0,729.0,667.2857,7.0,728.0,666.0,731.0,669.0
2444,0,2445,0,Plaques,1.0,0.0,742.5,667.0,10.0,741.0,666.0,745.0,669.0
2445,0,2446,0,Plaques,1.0,0.0,752.13336,667.73334,15.0,750.0,666.0,756.0,671.0
2446,0,2447,0,Plaques,1.0,0.0,954.36365,667.4545,11.0,953.0,666.0,957.0,670.0
2447,0,2448,0,Plaques,1.0,0.0,1145.8,666.6,5.0,1145.0,666.0,1148.0,668.0
2448,0,2449,0,Plaques,1.0,0.0,1361.5,667.0,6.0,1361.0,666.0,1363.0,669.0
2449,0,2450,0,Plaques,1.0,0.0,1681.221,670.55817,86.0,1673.0,666.0,1688.0,676.0
2450,0,2451,0,Plaques,1.0,0.0,512.5,667.5,4.0,512.0,667.0,514.0,669.0
2451,0,2452,0,Plaques,1.0,0.0,759.5,668.6111,18.0,757.0,667.0,763.0,671.0
2452,0,2453,0,Plaques,1.0,0.0,1179.6666,670.375,24.0,1177.0,667.0,1184.0,675.0
2453,0,2454,0,Plaques,1.0,0.0,1491.1818,668.4545,11.0,1490.0,667.0,1494.0,671.0
2454,0,2455,0,Plaques,1.0,0.0,1598.7931,674.7931,58.0,1593.0,667.0,1604.0,681.0
2455,0,2456,0,Plaques,1.0,0.0,1632.5,667.5,4.0,1632.0,667.0,1634.0,669.0
2456,0,2457,0,Plaques,1.0,0.0,148.5,668.5,4.0,148.0,668.0,150.0,670.0
2457,0,2458,0,Plaques,1.0,0.0,329.8,669.5,10.0,329.0,668.0,332.0,672.0
2458,0,2459,0,Plaques,1.0,0.0,341.81818,669.5455,11.0,340.0,668.0,344.0,672.0
2459,0,2460,0,Plaques,1.0,0.0,788.7222,669.5,18.0,786.0,668.0,792.0,672.0
2460,0,2461,0,Plaques,1.0,0.0,908.5,668.5,4.0,908.0,668.0,910.0,670.0
2461,0,2462,0,Plaques,1.0,0.0,1039.2222,669.3333,9.0,1038.0,668.0,1041.0,672.0
2462,0,2463,0,Plaques,1.0,0.0,1153.5625,668.75,16.0,1150.0,668.0,1158.0,671.0
2463,0,2464,0,Plaques,1.0,0.0,1186.0,668.5,4.0,1185.0,668.0,1188.0,670.0
2464,0,2465,0,Plaques,1.0,0.0,1209.3846,695.5833,468.0,1194.0,668.0,1230.0,718.0
2465,0,2466,0,Plaques,1.0,0.0,117.333336,669.3333,3.0,117.0,669.0,119.0,671.0
2466,0,2467,0,Plaques,1.0,0.0,257.9091,670.63635,11.0,257.0,669.0,260.0,673.0
2467,0,2468,0,Plaques,1.0,0.0,588.3333,669.6667,3.0,588.0,669.0,590.0,671.0
2468,0,2469,0,Plaques,1.0,0.0,734.0,670.5,12.0,733.0,669.0,736.0,673.0
2469,0,2470,0,Plaques,1.0,0.0,817.1667,669.8333,6.0,816.0,669.0,819.0,672.0
2470,0,2471,0,Plaques,1.0,0.0,840.4,670.2,5.0,840.0,669.0,842.0,672.0
2471,0,2472,0,Plaques,1.0,0.0,877.8333,669.8333,6.0,877.0,669.0,880.0,672.0
2472,0,2473,0,Plaques,1.0,0.0,923.875,670.125,8.0,923.0,669.0,926.0,672.0
2473,0,2474,0,Plaques,1.0,0.0,1016.0909,670.4545,11.0,1014.0,669.0,1019.0,673.0
2474,0,2475,0,Plaques,1.0,0.0,1160.11,692.4613,891.0,1131.0,669.0,1198.0,716.0
2475,0,2476,0,Plaques,1.0,0.0,1355.8889,670.6667,9.0,1355.0,669.0,1358.0,673.0
2476,0,2477,0,Plaques,1.0,0.0,1511.6364,669.9091,11.0,1510.0,669.0,1514.0,672.0
2477,0,2478,0,Plaques,1.0,0.0,1651.3334,669.8889,9.0,1650.0,669.0,1654.0,672.0
2478,0,2479,0,Plaques,1.0,0.0,478.83334,671.1667,6.0,478.0,670.0,481.0,673.0
2479,0,2480,0,Plaques,1.0,0.0,531.1429,672.4286,21.0,528.0,670.0,535.0,675.0
2480,0,2481,0,Plaques,1.0,0.0,720.7143,671.0,7.0,720.0,670.0,723.0,673.0
2481,0,2482,0,Plaques,1.0,0.0,771.45,673.525,40.0,768.0,670.0,776.0,679.0
2482,0,2483,0,Plaques,1.0,0.0,850.8333,670.8333,6.0,850.0,670.0,853.0,673.0
2483,0,2484,0,Plaques,1.0,0.0,859.5,670.5,4.0,859.0,670.0,861.0,672.0
2484,0,2485,0,Plaques,1.0,0.0,987.0,671.5,10.0,986.0,670.0,989.0,674.0
2485,0,2486,0,Plaques,1.0,0.0,1163.0,670.5,10.0,1161.0,670.0,1166.0,672.0
2486,0,2487,0,Plaques,1.0,0.0,1375.3334,670.3333,3.0,1375.0,670.0,1377.0,672.0
2487,0,2488,0,Plaques,1.0,0.0,1612.6666,670.3333,3.0,1612.0,670.0,1614.0,672.0
2488,0,2489,0,Plaques,1.0,0.0,1696.4572,672.97144,35.0,1693.0,670.0,1700.0,677.0
2489,0,2490,0,Plaques,1.0,0.0,1705.3334,670.3333,3.0,1705.0,670.0,1707.0,672.0
2490,0,2491,0,Plaques,1.0,0.0,828.2857,672.0,7.0,827.0,671.0,830.0,674.0
2491,0,2492,0,Plaques,1.0,0.0,992.0,672.2857,7.0,991.0,671.0,994.0,674.0
2492,0,2493,0,Plaques,1.0,0.0,1062.0,672.0,9.0,1061.0,671.0,1064.0,674.0
2493,0,2494,0,Plaques,1.0,0.0,1174.5,671.5,4.0,1174.0,671.0,1176.0,673.0
2494,0,2495,0,Plaques,1.0,0.0,1202.75,674.0833,24.0,1201.0,671.0,1206.0,679.0
2495,0,2496,0,Plaques,1.0,0.0,1368.75,672.0,4.0,1368.0,671.0,1370.0,674.0
2496,0,2497,0,Plaques,1.0,0.0,325.5,672.5,4.0,325.0,672.0,327.0,674.0
2497,0,2498,0,Plaques,1.0,0.0,616.0,672.5,6.0,615.0,672.0,618.0,674.0
2498,0,2499,0,Plaques,1.0,0.0,754.0,673.5,8.0,753.0,672.0,756.0,676.0
2499,0,2500,0,Plaques,1.0,0.0,888.2857,672.4286,7.0,887.0,672.0,891.0,674.0
2500,0,2501,0,Plaques,1.0,0.0,1009.5,672.8,10.0,1008.0,672.0,1012.0,675.0
2501,0,2502,0,Plaques,1.0,0.0,1211.2142,673.6429,14.0,1209.0,672.0,1214.0,676.0
2502,0,2503,0,Plaques,1.0,0.0,1532.2,672.4,5.0,1531.0,672.0,1534.0,674.0
2503,0,2504,0,Plaques,1.0,0.0,1643.7142,673.0,7.0,1643.0,672.0,1646.0,675.0
2504,0,2505,0,Plaques,1.0,0.0,333.6154,674.61536,13.0,332.0,673.0,336.0,677.0
2505,0,2506,0,Plaques,1.0,0.0,522.7619,675.8095,21.0,521.0,673.0,526.0,679.0
2506,0,2507,0,Plaques,1.0,0.0,738.6429,674.7143,14.0,736.0,673.0,742.0,677.0
2507,0,2508,0,Plaques,1.0,0.0,933.0,673.5,6.0,932.0,673.0,935.0,675.0
2508,0,2509,0,Plaques,1.0,0.0,1483.1666,674.1667,6.0,1482.0,673.0,1485.0,676.0
2509,0,2510,0,Plaques,1.0,0.0,1506.1111,674.3333,9.0,1505.0,673.0,1508.0,677.0
2510,0,2511,0,Plaques,1.0,0.0,1518.5,673.5,4.0,1518.0,673.0,1520.0,675.0
2511,0,2512,0,Plaques,1.0,0.0,251.0,675.0,9.0,250.0,674.0,253.0,677.0
2512,0,2513,0,Plaques,1.0,0.0,797.5,674.5,4.0,797.0,674.0,799.0,676.0
2513,0,2514,0,Plaques,1.0,0.0,822.9375,676.7708,48.0,818.0,674.0,830.0,681.0
2514,0,2515,0,Plaques,1.0,0.0,912.36365,675.5455,11.0,911.0,674.0,915.0,678.0
2515,0,2516,0,Plaques,1.0,0.0,917.75,675.6667,12.0,916.0,674.0,920.0,678.0
2516,0,2517,0,Plaques,1.0,0.0,1171.5,674.5,4.0,1171.0,674.0,1173.0,676.0
2517,0,2518,0,Plaques,1.0,0.0,1292.0,675.0,9.0,1291.0,674.0,1294.0,677.0
2518,0,2519,0,Plaques,1.0,0.0,1350.5,674.5,4.0,1350.0,674.0,1352.0,676.0
2519,0,2520,0,Plaques,1.0,0.0,349.5,675.5,4.0,349.0,675.0,351.0,677.0
2520,0,2521,0,Plaques,1.0,0.0,554.0,675.75,4.0,553.0,675.0,556.0,677.0
2521,0,2522,0,Plaques,1.0,0.0,748.0,676.3333,9.0,747.0,675.0,750.0,679.0
2522,0,2523,0,Plaques,1.0,0.0,785.5,676.0,6.0,785.0,675.0,787.0,678.0
2523,0,2524,0,Plaques,1.0,0.0,1037.5,675.5,4.0,1037.0,675.0,1039.0,677.0
2524,0,2525,0,Plaques,1.0,0.0,1156.3846,676.61536,13.0,1155.0,675.0,1159.0,679.0
2525,0,2526,0,Plaques,1.0,0.0,513.188,684.6391,133.0,505.0,676.0,523.0,696.0
2526,0,2527,0,Plaques,1.0,0.0,631.5,676.5,4.0,631.0,676.0,633.0,678.0
2527,0,2528,0,Plaques,1.0,0.0,720.6667,676.3333,3.0,720.0,676.0,722.0,678.0
2528,0,2529,0,Plaques,1.0,0.0,807.0,677.7059,17.0,804.0,676.0,811.0,680.0
2529,0,2530,0,Plaques,1.0,0.0,1045.5,676.5,4.0,1045.0,676.0,1047.0,678.0
2530,0,2531,0,Plaques,1.0,0.0,1073.5,678.2,20.0,1071.0,676.0,1078.0,682.0
2531,0,2532,0,Plaques,1.0,0.0,1085.0,678.5,16.0,1083.0,676.0,1088.0,682.0
2532,0,2533,0,Plaques,1.0,0.0,1478.5,676.5,4.0,1478.0,676.0,1480.0,678.0
2533,0,2534,0,Plaques,1.0,0.0,261.5,678.0,6.0,261.0,677.0,263.0,680.0
2534,0,2535,0,Plaques,1.0,0.0,626.0625,679.625,16.0,624.0,677.0,629.0,684.0
2535,0,2536,0,Plaques,1.0,0.0,962.0,677.5,6.0,961.0,677.0,964.0,679.0
2536,0,2537,0,Plaques,1.0,0.0,1137.2,678.5,10.0,1136.0,677.0,1139.0,681.0
2537,0,2538,0,Plaques,1.0,0.0,1497.0,678.2,10.0,1496.0,677.0,1499.0,681.0
2538,0,2539,0,Plaques,1.0,0.0,246.5,678.5,4.0,246.0,678.0,248.0,680.0
2539,0,2540,0,Plaques,1.0,0.0,609.5,678.5,4.0,609.0,678.0,611.0,680.0
2540,0,2541,0,Plaques,1.0,0.0,642.0,678.7143,7.0,641.0,678.0,644.0,681.0
2541,0,2542,0,Plaques,1.0,0.0,833.8143,686.34283,70.0,831.0,678.0,839.0,696.0
2542,0,2543,0,Plaques,1.0,0.0,968.0,679.0,9.0,967.0,678.0,970.0,681.0
2543,0,2544,0,Plaques,1.0,0.0,1006.5,678.5,4.0,1006.0,678.0,1008.0,680.0
2544,0,2545,0,Plaques,1.0,0.0,1010.625,680.0,16.0,1009.0,678.0,1013.0,683.0
2545,0,2546,0,Plaques,1.0,0.0,1227.0769,680.4231,26.0,1224.0,678.0,1231.0,684.0
2546,0,2547,0,Plaques,1.0,0.0,734.0,680.0,9.0,733.0,679.0,736.0,682.0
2547,0,2548,0,Plaques,1.0,0.0,784.0,680.0,7.0,783.0,679.0,786.0,682.0
2548,0,2549,0,Plaques,1.0,0.0,882.5,679.5,4.0,882.0,679.0,884.0,681.0
2549,0,2550,0,Plaques,1.0,0.0,901.5,679.5,4.0,901.0,679.0,903.0,681.0
2550,0,2551,0,Plaques,1.0,0.0,998.0,680.5,16.0,996.0,679.0,1001.0,683.0
2551,0,2552,0,Plaques,1.0,0.0,1036.2858,680.0,7.0,1035.0,679.0,1038.0,682.0
2552,0,2553,0,Plaques,1.0,0.0,1151.6666,679.6667,3.0,1151.0,679.0,1153.0,681.0
2553,0,2554,0,Plaques,1.0,0.0,1279.2,680.6,15.0,1277.0,679.0,1283.0,683.0
2554,0,2555,0,Plaques,1.0,0.0,1294.5,680.2,10.0,1293.0,679.0,1297.0,682.0
2555,0,2556,0,Plaques,1.0,0.0,1516.6666,679.3333,3.0,1516.0,679.0,1518.0,681.0
2556,0,2557,0,Plaques,1.0,0.0,1646.5,680.5,14.0,1645.0,679.0,1649.0,683.0
2557,0,2558,0,Plaques,1.0,0.0,250.66667,680.3333,3.0,250.0,680.0,252.0,682.0
2558,0,2559,0,Plaques,1.0,0.0,302.5,680.5,4.0,302.0,680.0,304.0,682.0
2559,0,2560,0,Plaques,1.0,0.0,317.0,680.5,6.0,316.0,680.0,319.0,682.0
2560,0,2561,0,Plaques,1.0,0.0,757.4583,682.0417,24.0,754.0,680.0,762.0,685.0
2561,0,2562,0,Plaques,1.0,0.0,766.0,681.0,9.0,765.0,680.0,768.0,683.0
2562,0,2563,0,Plaques,1.0,0.0,777.4138,682.0345,29.0,773.0,680.0,782.0,685.0
2563,0,2564,0,Plaques,1.0,0.0,861.6667,680.3333,3.0,861.0,680.0,863.0,682.0
2564,0,2565,0,Plaques,1.0,0.0,952.8,680.4,5.0,952.0,680.0,955.0,682.0
2565,0,2566,0,Plaques,1.0,0.0,1048.5,680.5,4.0,1048.0,680.0,1050.0,682.0
2566,0,2567,0,Plaques,1.0,0.0,1092.6666,682.6667,12.0,1091.0,680.0,1096.0,686.0
2567,0,2568,0,Plaques,1.0,0.0,1247.682,686.82007,239.0,1231.0,680.0,1262.0,699.0
2568,0,2569,0,Plaques,1.0,0.0,1284.75,680.75,8.0,1283.0,680.0,1287.0,683.0
2569,0,2570,0,Plaques,1.0,0.0,1635.2368,681.7368,38.0,1630.0,680.0,1642.0,685.0
2570,0,2571,0,Plaques,1.0,0.0,1653.8948,683.5263,19.0,1652.0,680.0,1656.0,687.0
2571,0,2572,0,Plaques,1.0,0.0,1668.9788,682.9149,47.0,1664.0,680.0,1674.0,689.0
2572,0,2573,0,Plaques,1.0,0.0,326.5,681.5,4.0,326.0,681.0,328.0,683.0
2573,0,2574,0,Plaques,1.0,0.0,475.0,682.0,9.0,474.0,681.0,477.0,684.0
2574,0,2575,0,Plaques,1.0,0.0,1015.65,684.25,20.0,1014.0,681.0,1018.0,688.0
2575,0,2576,0,Plaques,1.0,0.0,1027.3334,683.6667,27.0,1025.0,681.0,1031.0,688.0
2576,0,2577,0,Plaques,1.0,0.0,1590.0952,684.381,21.0,1588.0,681.0,1593.0,688.0
2577,0,2578,0,Plaques,1.0,0.0,1617.4286,684.6786,28.0,1615.0,681.0,1621.0,690.0
2578,0,2579,0,Plaques,1.0,0.0,1626.2858,682.5714,7.0,1625.0,681.0,1628.0,685.0
2579,0,2580,0,Plaques,1.0,0.0,1691.0,682.0,5.0,1690.0,681.0,1693.0,684.0
2580,0,2581,0,Plaques,1.0,0.0,322.5,682.5,4.0,322.0,682.0,324.0,684.0
2581,0,2582,0,Plaques,1.0,0.0,496.06668,683.86664,15.0,495.0,682.0,499.0,687.0
2582,0,2583,0,Plaques,1.0,0.0,722.5,683.6667,12.0,721.0,682.0,725.0,686.0
2583,0,2584,0,Plaques,1.0,0.0,849.38464,683.38464,13.0,848.0,682.0,852.0,686.0
2584,0,2585,0,Plaques,1.0,0.0,889.0,682.5,6.0,888.0,682.0,891.0,684.0
2585,0,2586,0,Plaques,1.0,0.0,915.875,682.875,8.0,915.0,682.0,918.0,685.0
2586,0,2587,0,Plaques,1.0,0.0,926.4,683.2,5.0,926.0,682.0,928.0,685.0
2587,0,2588,0,Plaques,1.0,0.0,930.875,683.125,8.0,930.0,682.0,933.0,685.0
2588,0,2589,0,Plaques,1.0,0.0,940.5,682.5,4.0,940.0,682.0,942.0,684.0
2589,0,2590,0,Plaques,1.0,0.0,1080.75,683.0,4.0,1080.0,682.0,1082.0,685.0
2590,0,2591,0,Plaques,1.0,0.0,1265.2222,682.55554,9.0,1263.0,682.0,1268.0,684.0
2591,0,2592,0,Plaques,1.0,0.0,1298.6666,682.3333,3.0,1298.0,682.0,1300.0,684.0
2592,0,2593,0,Plaques,1.0,0.0,1454.125,682.875,8.0,1453.0,682.0,1456.0,685.0
2593,0,2594,0,Plaques,1.0,0.0,1469.4,682.8,5.0,1469.0,682.0,1471.0,685.0
2594,0,2595,0,Plaques,1.0,0.0,1490.6666,682.8889,9.0,1489.0,682.0,1493.0,685.0
2595,0,2596,0,Plaques,1.0,0.0,308.54544,684.1818,11.0,307.0,683.0,311.0,687.0
2596,0,2597,0,Plaques,1.0,0.0,806.7778,686.5,18.0,805.0,683.0,810.0,691.0
2597,0,2598,0,Plaques,1.0,0.0,814.53845,684.8461,13.0,813.0,683.0,817.0,687.0
2598,0,2599,0,Plaques,1.0,0.0,819.0909,684.36365,11.0,818.0,683.0,821.0,687.0
2599,0,2600,0,Plaques,1.0,0.0,921.4,683.8,5.0,921.0,683.0,923.0,686.0
2600,0,2601,0,Plaques,1.0,0.0,946.5,684.0,6.0,946.0,683.0,948.0,686.0
2601,0,2602,0,Plaques,1.0,0.0,980.63635,683.9091,11.0,979.0,683.0,983.0,686.0
2602,0,2603,0,Plaques,1.0,0.0,1006.375,686.925,40.0,1002.0,683.0,1010.0,693.0
2603,0,2604,0,Plaques,1.0,0.0,1289.0,684.5,16.0,1287.0,683.0,1293.0,687.0
2604,0,2605,0,Plaques,1.0,0.0,954.3333,684.3333,3.0,954.0,684.0,956.0,686.0
2605,0,2606,0,Plaques,1.0,0.0,973.2857,684.4286,7.0,972.0,684.0,976.0,686.0
2606,0,2607,0,Plaques,1.0,0.0,1049.5,684.5,4.0,1049.0,684.0,1051.0,686.0
2607,0,2608,0,Plaques,1.0,0.0,1088.0,687.11536,26.0,1085.0,684.0,1091.0,691.0
2608,0,2609,0,Plaques,1.0,0.0,1278.7906,691.32556,43.0,1275.0,684.0,1283.0,699.0
2609,0,2610,0,Plaques,1.0,0.0,1475.5,684.5,4.0,1475.0,684.0,1477.0,686.0
2610,0,2611,0,Plaques,1.0,0.0,1696.0,684.5,6.0,1695.0,684.0,1698.0,686.0
2611,0,2612,0,Plaques,1.0,0.0,630.7368,686.6316,19.0,629.0,685.0,634.0,690.0
2612,0,2613,0,Plaques,1.0,0.0,750.6852,691.03705,54.0,746.0,685.0,758.0,697.0
2613,0,2614,0,Plaques,1.0,0.0,770.1875,686.3125,16.0,768.0,685.0,773.0,689.0
2614,0,2615,0,Plaques,1.0,0.0,1595.5312,689.59375,32.0,1592.0,685.0,1600.0,694.0
2615,0,2616,0,Plaques,1.0,0.0,525.6667,687.0833,12.0,524.0,686.0,528.0,690.0
2616,0,2617,0,Plaques,1.0,0.0,791.4737,687.6842,19.0,789.0,686.0,795.0,691.0
2617,0,2618,0,Plaques,1.0,0.0,843.0,686.7143,7.0,842.0,686.0,845.0,689.0
2618,0,2619,0,Plaques,1.0,0.0,885.5,686.5,4.0,885.0,686.0,887.0,688.0
2619,0,2620,0,Plaques,1.0,0.0,1140.25,687.0,4.0,1140.0,686.0,1142.0,689.0
2620,0,2621,0,Plaques,1.0,0.0,1455.1111,687.3333,9.0,1454.0,686.0,1457.0,690.0
2621,0,2622,0,Plaques,1.0,0.0,1481.3077,689.89746,39.0,1478.0,686.0,1485.0,695.0
2622,0,2623,0,Plaques,1.0,0.0,1577.5,687.0,6.0,1577.0,686.0,1579.0,689.0
2623,0,2624,0,Plaques,1.0,0.0,1609.4,686.8,5.0,1609.0,686.0,1611.0,689.0
2624,0,2625,0,Plaques,1.0,0.0,1632.2354,688.5294,17.0,1630.0,686.0,1636.0,692.0
2625,0,2626,0,Plaques,1.0,0.0,444.0,687.7143,7.0,443.0,687.0,446.0,690.0
2626,0,2627,0,Plaques,1.0,0.0,474.54544,688.7273,11.0,473.0,687.0,477.0,692.0
2627,0,2628,0,Plaques,1.0,0.0,492.5408,696.4388,98.0,488.0,687.0,501.0,706.0
2628,0,2629,0,Plaques,1.0,0.0,622.125,688.125,8.0,621.0,687.0,624.0,690.0
2629,0,2630,0,Plaques,1.0,0.0,764.5909,689.2273,22.0,761.0,687.0,768.0,692.0
2630,0,2631,0,Plaques,1.0,0.0,902.3333,687.6667,3.0,902.0,687.0,904.0,689.0
2631,0,2632,0,Plaques,1.0,0.0,1065.0,687.7143,7.0,1064.0,687.0,1067.0,690.0
2632,0,2633,0,Plaques,1.0,0.0,1078.0834,689.1667,12.0,1077.0,687.0,1080.0,692.0
2633,0,2634,0,Plaques,1.0,0.0,1217.9474,689.3158,19.0,1216.0,687.0,1221.0,692.0
2634,0,2635,0,Plaques,1.0,0.0,1467.1428,688.0714,14.0,1465.0,687.0,1470.0,690.0
2635,0,2636,0,Plaques,1.0,0.0,1489.0714,690.0,14.0,1488.0,687.0,1491.0,694.0
2636,0,2637,0,Plaques,1.0,0.0,242.5,688.5,4.0,242.0,688.0,244.0,690.0
2637,0,2638,0,Plaques,1.0,0.0,893.5,688.5,4.0,893.0,688.0,895.0,690.0
2638,0,2639,0,Plaques,1.0,0.0,1450.0,689.0,5.0,1449.0,688.0,1452.0,691.0
2639,0,2640,0,Plaques,1.0,0.0,1644.6786,691.0714,28.0,1642.0,688.0,1648.0,695.0
2640,0,2641,0,Plaques,1.0,0.0,482.25,689.65,20.0,478.0,689.0,487.0,692.0
2641,0,2642,0,Plaques,1.0,0.0,801.5,689.5,4.0,801.0,689.0,803.0,691.0
2642,0,2643,0,Plaques,1.0,0.0,1045.5,690.0,6.0,1045.0,689.0,1047.0,692.0
2643,0,2644,0,Plaques,1.0,0.0,1271.3334,689.8889,9.0,1270.0,689.0,1274.0,692.0
2644,0,2645,0,Plaques,1.0,0.0,1285.1111,690.6667,9.0,1284.0,689.0,1287.0,693.0
2645,0,2646,0,Plaques,1.0,0.0,1445.5,689.5,4.0,1445.0,689.0,1447.0,691.0
2646,0,2647,0,Plaques,1.0,0.0,1460.3334,689.3333,3.0,1460.0,689.0,1462.0,691.0
2647,0,2648,0,Plaques,1.0,0.0,1572.0,690.0,5.0,1571.0,689.0,1574.0,692.0
2648,0,2649,0,Plaques,1.0,0.0,1624.0667,690.6,15.0,1622.0,689.0,1627.0,693.0
2649,0,2650,0,Plaques,1.0,0.0,1651.6364,690.5455,11.0,1650.0,689.0,1654.0,693.0
2650,0,2651,0,Plaques,1.0,0.0,1662.8948,689.7368,19.0,1658.0,689.0,1669.0,692.0
2651,0,2652,0,Plaques,1.0,0.0,515.61536,691.61536,13.0,514.0,690.0,518.0,694.0
2652,0,2653,0,Plaques,1.0,0.0,604.44446,690.8889,9.0,603.0,690.0,607.0,693.0
2653,0,2654,0,Plaques,1.0,0.0,873.5,690.5,4.0,873.0,690.0,875.0,692.0
2654,0,2655,0,Plaques,1.0,0.0,930.5,690.5,4.0,930.0,690.0,932.0,692.0
2655,0,2656,0,Plaques,1.0,0.0,967.1429,690.9286,14.0,965.0,690.0,970.0,693.0
2656,0,2657,0,Plaques,1.0,0.0,978.58826,691.5294,17.0,976.0,690.0,983.0,694.0
2657,0,2658,0,Plaques,1.0,0.0,1036.5,690.5,4.0,1036.0,690.0,1038.0,692.0
2658,0,2659,0,Plaques,1.0,0.0,1186.5305,703.56805,213.0,1175.0,690.0,1195.0,718.0
2659,0,2660,0,Plaques,1.0,0.0,1586.8889,691.6667,9.0,1586.0,690.0,1589.0,694.0
2660,0,2661,0,Plaques,1.0,0.0,1728.5,690.5,4.0,1728.0,690.0,1730.0,692.0
2661,0,2662,0,Plaques,1.0,0.0,288.8889,692.2222,9.0,287.0,691.0,291.0,694.0
2662,0,2663,0,Plaques,1.0,0.0,502.0,691.5,6.0,501.0,691.0,504.0,693.0
2663,0,2664,0,Plaques,1.0,0.0,613.5,692.0,4.0,613.0,691.0,615.0,694.0
2664,0,2665,0,Plaques,1.0,0.0,740.63635,692.4545,11.0,739.0,691.0,743.0,695.0
2665,0,2666,0,Plaques,1.0,0.0,779.5789,692.5789,19.0,776.0,691.0,784.0,695.0
2666,0,2667,0,Plaques,1.0,0.0,938.0,691.5,6.0,937.0,691.0,940.0,693.0
2667,0,2668,0,Plaques,1.0,0.0,997.3913,693.65216,23.0,996.0,691.0,1001.0,698.0
2668,0,2669,0,Plaques,1.0,0.0,1030.5,691.5,4.0,1030.0,691.0,1032.0,693.0
2669,0,2670,0,Plaques,1.0,0.0,1162.2307,692.61536,13.0,1161.0,691.0,1165.0,695.0
2670,0,2671,0,Plaques,1.0,0.0,1673.0,691.5,6.0,1672.0,691.0,1675.0,693.0
2671,0,2672,0,Plaques,1.0,0.0,465.35715,694.2143,28.0,462.0,692.0,470.0,697.0
2672,0,2673,0,Plaques,1.0,0.0,733.5,692.5,4.0,733.0,692.0,735.0,694.0
2673,0,2674,0,Plaques,1.0,0.0,816.5714,694.381,21.0,814.0,692.0,820.0,698.0
2674,0,2675,0,Plaques,1.0,0.0,822.3333,692.3333,3.0,822.0,692.0,824.0,694.0
2675,0,2676,0,Plaques,1.0,0.0,1069.0,693.0,7.0,1068.0,692.0,1071.0,695.0
2676,0,2677,0,Plaques,1.0,0.0,192.5,693.5,4.0,192.0,693.0,194.0,695.0
2677,0,2678,0,Plaques,1.0,0.0,304.75,693.625,8.0,303.0,693.0,307.0,696.0
2678,0,2679,0,Plaques,1.0,0.0,598.5,694.0,4.0,598.0,693.0,600.0,696.0
2679,0,2680,0,Plaques,1.0,0.0,915.1667,694.1667,6.0,914.0,693.0,917.0,696.0
2680,0,2681,0,Plaques,1.0,0.0,1048.5,693.5,4.0,1048.0,693.0,1050.0,695.0
2681,0,2682,0,Plaques,1.0,0.0,1225.8145,699.40204,97.0,1221.0,693.0,1233.0,709.0
2682,0,2683,0,Plaques,1.0,0.0,1466.5,694.5,10.0,1465.0,693.0,1469.0,697.0
2683,0,2684,0,Plaques,1.0,0.0,1471.4736,695.1579,19.0,1470.0,693.0,1474.0,699.0
2684,0,2685,0,Plaques,1.0,0.0,236.0,694.75,4.0,235.0,694.0,238.0,696.0
2685,0,2686,0,Plaques,1.0,0.0,482.34482,699.18964,58.0,478.0,694.0,488.0,705.0
2686,0,2687,0,Plaques,1.0,0.0,620.0,694.5,6.0,619.0,694.0,622.0,696.0
2687,0,2688,0,Plaques,1.0,0.0,791.13635,696.0,22.0,789.0,694.0,795.0,699.0
2688,0,2689,0,Plaques,1.0,0.0,1023.1111,695.3333,9.0,1022.0,694.0,1025.0,698.0
2689,0,2690,0,Plaques,1.0,0.0,1441.5,694.5,4.0,1441.0,694.0,1443.0,696.0
2690,0,2691,0,Plaques,1.0,0.0,1570.0435,696.4783,23.0,1568.0,694.0,1573.0,700.0
2691,0,2692,0,Plaques,1.0,0.0,1601.3889,696.3889,18.0,1599.0,694.0,1604.0,699.0
2692,0,2693,0,Plaques,1.0,0.0,1661.0,694.5,6.0,1660.0,694.0,1663.0,696.0
2693,0,2694,0,Plaques,1.0,0.0,1012.6429,696.1429,14.0,1010.0,695.0,1016.0,698.0
2694,0,2695,0,Plaques,1.0,0.0,1085.0588,698.1177,17.0,1083.0,695.0,1088.0,702.0
2695,0,2696,0,Plaques,1.0,0.0,1273.1578,696.8421,19.0,1271.0,695.0,1277.0,700.0
2696,0,2697,0,Plaques,1.0,0.0,1582.875,697.3333,24.0,1581.0,695.0,1586.0,701.0
2697,0,2698,0,Plaques,1.0,0.0,1629.2632,697.3684,19.0,1627.0,695.0,1632.0,700.0
2698,0,2699,0,Plaques,1.0,0.0,442.0,697.0,9.0,441.0,696.0,444.0,699.0
2699,0,2700,0,Plaques,1.0,0.0,511.8889,697.3333,9.0,511.0,696.0,514.0,700.0
2700,0,2701,0,Plaques,1.0,0.0,728.8,696.6,5.0,728.0,696.0,731.0,698.0
2701,0,2702,0,Plaques,1.0,0.0,763.0,696.7143,7.0,762.0,696.0,765.0,699.0
2702,0,2703,0,Plaques,1.0,0.0,803.53845,697.61536,13.0,802.0,696.0,806.0,700.0
2703,0,2704,0,Plaques,1.0,0.0,846.0,696.5,6.0,845.0,696.0,848.0,698.0
2704,0,2705,0,Plaques,1.0,0.0,1001.5,696.5,4.0,1001.0,696.0,1003.0,698.0
2705,0,2706,0,Plaques,1.0,0.0,1448.1,697.3,10.0,1446.0,696.0,1451.0,700.0
2706,0,2707,0,Plaques,1.0,0.0,1494.6,696.8,5.0,1494.0,696.0,1496.0,699.0
2707,0,2708,0,Plaques,1.0,0.0,1607.3334,696.3333,3.0,1607.0,696.0,1609.0,698.0
2708,0,2709,0,Plaques,1.0,0.0,1623.5,697.5,12.0,1622.0,696.0,1626.0,700.0
2709,0,2710,0,Plaques,1.0,0.0,223.5,698.0,6.0,223.0,697.0,225.0,700.0
2710,0,2711,0,Plaques,1.0,0.0,274.625,697.75,8.0,273.0,697.0,277.0,700.0
2711,0,2712,0,Plaques,1.0,0.0,1613.6875,699.25,16.0,1612.0,697.0,1616.0,703.0
2712,0,2713,0,Plaques,1.0,0.0,282.0,700.5,20.0,280.0,698.0,285.0,704.0
2713,0,2714,0,Plaques,1.0,0.0,293.33334,698.3333,3.0,293.0,698.0,295.0,700.0
2714,0,2715,0,Plaques,1.0,0.0,449.90625,701.4375,32.0,446.0,698.0,454.0,707.0
2715,0,2716,0,Plaques,1.0,0.0,1038.5,699.5,8.0,1038.0,698.0,1040.0,702.0
2716,0,2717,0,Plaques,1.0,0.0,1263.931,701.10345,29.0,1262.0,698.0,1268.0,705.0
2717,0,2718,0,Plaques,1.0,0.0,1284.5,698.5,4.0,1284.0,698.0,1286.0,700.0
2718,0,2719,0,Plaques,1.0,0.0,1655.5883,699.58826,17.0,1653.0,698.0,1659.0,702.0
2719,0,2720,0,Plaques,1.0,0.0,1692.0,698.5,6.0,1691.0,698.0,1694.0,700.0
2720,0,2721,0,Plaques,1.0,0.0,210.5,700.0,6.0,210.0,699.0,212.0,702.0
2721,0,2722,0,Plaques,1.0,0.0,473.85107,705.9149,47.0,470.0,699.0,478.0,711.0
2722,0,2723,0,Plaques,1.0,0.0,755.0714,700.7857,14.0,753.0,699.0,758.0,704.0
2723,0,2724,0,Plaques,1.0,0.0,825.1667,700.1667,6.0,824.0,699.0,827.0,702.0
2724,0,2725,0,Plaques,1.0,0.0,1234.875,701.25,16.0,1234.0,699.0,1237.0,705.0
2725,0,2726,0,Plaques,1.0,0.0,1309.6666,700.1111,9.0,1308.0,699.0,1312.0,702.0
2726,0,2727,0,Plaques,1.0,0.0,1441.875,699.875,8.0,1441.0,699.0,1444.0,702.0
2727,0,2728,0,Plaques,1.0,0.0,1452.0,699.7143,7.0,1451.0,699.0,1454.0,702.0
2728,0,2729,0,Plaques,1.0,0.0,1487.5,699.5,4.0,1487.0,699.0,1489.0,701.0
2729,0,2730,0,Plaques,1.0,0.0,1640.0,699.5,6.0,1639.0,699.0,1642.0,701.0
2730,0,2731,0,Plaques,1.0,0.0,205.45161,704.3226,31.0,202.0,700.0,209.0,708.0
2731,0,2732,0,Plaques,1.0,0.0,467.64,701.72,25.0,465.0,700.0,473.0,705.0
2732,0,2733,0,Plaques,1.0,0.0,611.4286,701.2857,7.0,611.0,700.0,613.0,704.0
2733,0,2734,0,Plaques,1.0,0.0,765.0,702.1177,17.0,763.0,700.0,768.0,705.0
2734,0,2735,0,Plaques,1.0,0.0,928.0,700.25,4.0,927.0,700.0,930.0,702.0
2735,0,2736,0,Plaques,1.0,0.0,1714.6666,700.6667,3.0,1714.0,700.0,1716.0,702.0
2736,0,2737,0,Plaques,1.0,0.0,195.73334,703.06665,15.0,194.0,701.0,198.0,706.0
2737,0,2738,0,Plaques,1.0,0.0,508.0,701.7143,7.0,507.0,701.0,510.0,704.0
2738,0,2739,0,Plaques,1.0,0.0,629.5,701.5,4.0,629.0,701.0,631.0,703.0
2739,0,2740,0,Plaques,1.0,0.0,920.3333,701.6667,3.0,920.0,701.0,922.0,703.0
2740,0,2741,0,Plaques,1.0,0.0,966.0,701.7143,7.0,965.0,701.0,968.0,704.0
2741,0,2742,0,Plaques,1.0,0.0,263.66666,702.3333,3.0,263.0,702.0,265.0,704.0
2742,0,2743,0,Plaques,1.0,0.0,274.0,703.0,9.0,273.0,702.0,276.0,705.0
2743,0,2744,0,Plaques,1.0,0.0,623.0,702.5,6.0,622.0,702.0,625.0,704.0
2744,0,2745,0,Plaques,1.0,0.0,730.5,702.5,4.0,730.0,702.0,732.0,704.0
2745,0,2746,0,Plaques,1.0,0.0,957.7778,703.5,18.0,956.0,702.0,961.0,706.0
2746,0,2747,0,Plaques,1.0,0.0,1014.6667,702.3333,3.0,1014.0,702.0,1016.0,704.0
2747,0,2748,0,Plaques,1.0,0.0,1057.0,703.0,9.0,1056.0,702.0,1059.0,705.0
2748,0,2749,0,Plaques,1.0,0.0,1178.1428,704.0952,21.0,1175.0,702.0,1182.0,707.0
2749,0,2750,0,Plaques,1.0,0.0,1298.7693,703.3077,13.0,1297.0,702.0,1302.0,706.0
2750,0,2751,0,Plaques,1.0,0.0,1627.0,705.0,23.0,1625.0,702.0,1630.0,709.0
2751,0,2752,0,Plaques,1.0,0.0,1632.4,704.3,20.0,1631.0,702.0,1635.0,708.0
2752,0,2753,0,Plaques,1.0,0.0,1649.1666,703.1667,6.0,1648.0,702.0,1651.0,705.0
2753,0,2754,0,Plaques,1.0,0.0,438.125,703.875,8.0,437.0,703.0,440.0,706.0
2754,0,2755,0,Plaques,1.0,0.0,804.3333,703.6667,3.0,804.0,703.0,806.0,705.0
2755,0,2756,0,Plaques,1.0,0.0,1031.6,703.8,5.0,1031.0,703.0,1033.0,706.0
2756,0,2757,0,Plaques,1.0,0.0,1433.0,703.5,6.0,1432.0,703.0,1435.0,705.0
2757,0,2758,0,Plaques,1.0,0.0,1604.875,704.25,8.0,1604.0,703.0,1607.0,707.0
2758,0,2759,0,Plaques,1.0,0.0,1657.8,704.5,10.0,1657.0,703.0,1660.0,707.0
2759,0,2760,0,Plaques,1.0,0.0,1673.7213,707.7541,61.0,1670.0,703.0,1680.0,715.0
2760,0,2761,0,Plaques,1.0,0.0,215.5,704.5,4.0,215.0,704.0,217.0,706.0
2761,0,2762,0,Plaques,1.0,0.0,433.0303,708.1818,33.0,430.0,704.0,438.0,713.0
2762,0,2763,0,Plaques,1.0,0.0,597.0,705.0,9.0,596.0,704.0,599.0,707.0
2763,0,2764,0,Plaques,1.0,0.0,742.875,704.875,8.0,742.0,704.0,745.0,707.0
2764,0,2765,0,Plaques,1.0,0.0,821.5,705.0,6.0,821.0,704.0,823.0,707.0
2765,0,2766,0,Plaques,1.0,0.0,834.0,704.5,6.0,833.0,704.0,836.0,706.0
2766,0,2767,0,Plaques,1.0,0.0,844.1111,705.2222,9.0,843.0,704.0,847.0,707.0
2767,0,2768,0,Plaques,1.0,0.0,903.2,705.3,10.0,902.0,704.0,905.0,708.0
2768,0,2769,0,Plaques,1.0,0.0,1088.8889,705.3333,9.0,1088.0,704.0,1091.0,708.0
2769,0,2770,0,Plaques,1.0,0.0,1152.875,706.9375,32.0,1150.0,704.0,1157.0,711.0
2770,0,2771,0,Plaques,1.0,0.0,1272.2,705.7,10.0,1271.0,704.0,1274.0,708.0
2771,0,2772,0,Plaques,1.0,0.0,1464.8334,707.4524,42.0,1460.0,704.0,1470.0,712.0
2772,0,2773,0,Plaques,1.0,0.0,1478.0,705.5,12.0,1477.0,704.0,1480.0,708.0
2773,0,2774,0,Plaques,1.0,0.0,1638.7727,706.86365,22.0,1637.0,704.0,1641.0,711.0
2774,0,2775,0,Plaques,1.0,0.0,587.5,705.5,4.0,587.0,705.0,589.0,707.0
2775,0,2776,0,Plaques,1.0,0.0,773.3333,706.9167,12.0,772.0,705.0,776.0,709.0
2776,0,2777,0,Plaques,1.0,0.0,962.6667,705.6667,3.0,962.0,705.0,964.0,707.0
2777,0,2778,0,Plaques,1.0,0.0,975.25,705.25,4.0,974.0,705.0,977.0,707.0
2778,0,2779,0,Plaques,1.0,0.0,1578.875,706.125,8.0,1578.0,705.0,1581.0,708.0
2779,0,2780,0,Plaques,1.0,0.0,1618.8594,711.7969,64.0,1615.0,705.0,1625.0,719.0
2780,0,2781,0,Plaques,1.0,0.0,261.8889,707.7778,9.0,261.0,706.0,264.0,711.0
2781,0,2782,0,Plaques,1.0,0.0,446.125,706.875,8.0,445.0,706.0,448.0,709.0
2782,0,2783,0,Plaques,1.0,0.0,480.5,706.5,4.0,480.0,706.0,482.0,708.0
2783,0,2784,0,Plaques,1.0,0.0,736.6,708.75,20.0,733.0,706.0,740.0,713.0
2784,0,2785,0,Plaques,1.0,0.0,836.8333,706.8333,6.0,836.0,706.0,839.0,709.0
2785,0,2786,0,Plaques,1.0,0.0,1099.6666,706.6667,3.0,1099.0,706.0,1101.0,708.0
2786,0,2787,0,Plaques,1.0,0.0,1236.4,707.2,5.0,1236.0,706.0,1238.0,709.0
2787,0,2788,0,Plaques,1.0,0.0,1314.5,707.0,6.0,1314.0,706.0,1316.0,709.0
2788,0,2789,0,Plaques,1.0,0.0,1444.0,707.2,10.0,1443.0,706.0,1446.0,710.0
2789,0,2790,0,Plaques,1.0,0.0,1593.5,706.5,4.0,1593.0,706.0,1595.0,708.0
2790,0,2791,0,Plaques,1.0,0.0,1599.6666,706.6667,3.0,1599.0,706.0,1601.0,708.0
2791,0,2792,0,Plaques,1.0,0.0,1645.0454,709.1818,22.0,1643.0,706.0,1648.0,713.0
2792,0,2793,0,Plaques,1.0,0.0,1695.6666,707.44446,9.0,1695.0,706.0,1698.0,710.0
2793,0,2794,0,Plaques,1.0,0.0,422.125,707.875,8.0,421.0,707.0,424.0,710.0
2794,0,2795,0,Plaques,1.0,0.0,442.21738,710.3043,23.0,440.0,707.0,445.0,715.0
2795,0,2796,0,Plaques,1.0,0.0,461.6216,710.3514,37.0,458.0,707.0,465.0,715.0
2796,0,2797,0,Plaques,1.0,0.0,600.6,707.8,5.0,600.0,707.0,602.0,710.0
2797,0,2798,0,Plaques,1.0,0.0,639.5,707.5,4.0,639.0,707.0,641.0,709.0
2798,0,2799,0,Plaques,1.0,0.0,789.5,707.5,4.0,789.0,707.0,791.0,709.0
2799,0,2800,0,Plaques,1.0,0.0,1254.6,709.06665,15.0,1253.0,707.0,1257.0,712.0
2800,0,2801,0,Plaques,1.0,0.0,224.5,708.5,4.0,224.0,708.0,226.0,710.0
2801,0,2802,0,Plaques,1.0,0.0,278.33334,708.3333,3.0,278.0,708.0,280.0,710.0
2802,0,2803,0,Plaques,1.0,0.0,449.625,711.2917,24.0,447.0,708.0,453.0,715.0
2803,0,2804,0,Plaques,1.0,0.0,888.5,709.5,14.0,887.0,708.0,891.0,712.0
2804,0,2805,0,Plaques,1.0,0.0,1178.5,711.0,26.0,1174.0,708.0,1183.0,714.0
2805,0,2806,0,Plaques,1.0,0.0,1219.7693,709.7692,13.0,1218.0,708.0,1222.0,712.0
2806,0,2807,0,Plaques,1.0,0.0,1231.7142,710.0476,21.0,1229.0,708.0,1235.0,713.0
2807,0,2808,0,Plaques,1.0,0.0,1489.0,708.5,6.0,1488.0,708.0,1491.0,710.0
2808,0,2809,0,Plaques,1.0,0.0,1611.6,709.2,5.0,1611.0,708.0,1613.0,711.0
2809,0,2810,0,Plaques,1.0,0.0,1724.5,708.5,4.0,1724.0,708.0,1726.0,710.0
2810,0,2811,0,Plaques,1.0,0.0,416.5,709.5,4.0,416.0,709.0,418.0,711.0
2811,0,2812,0,Plaques,1.0,0.0,1006.0,710.2857,7.0,1005.0,709.0,1008.0,712.0
2812,0,2813,0,Plaques,1.0,0.0,1278.5333,715.1,30.0,1277.0,709.0,1281.0,722.0
2813,0,2814,0,Plaques,1.0,0.0,1453.9166,710.6667,12.0,1452.0,709.0,1456.0,713.0
2814,0,2815,0,Plaques,1.0,0.0,1483.5,709.5,4.0,1483.0,709.0,1485.0,711.0
2815,0,2816,0,Plaques,1.0,0.0,1567.7273,710.1818,11.0,1566.0,709.0,1571.0,713.0
2816,0,2817,0,Plaques,1.0,0.0,455.3846,711.46155,13.0,454.0,710.0,458.0,714.0
2817,0,2818,0,Plaques,1.0,0.0,764.5,711.0,6.0,764.0,710.0,766.0,713.0
2818,0,2819,0,Plaques,1.0,0.0,831.0,710.5,6.0,830.0,710.0,833.0,712.0
2819,0,2820,0,Plaques,1.0,0.0,867.0,710.25,4.0,866.0,710.0,869.0,712.0
2820,0,2821,0,Plaques,1.0,0.0,1096.7858,712.5714,14.0,1096.0,710.0,1099.0,716.0
2821,0,2822,0,Plaques,1.0,0.0,1289.5,711.0,6.0,1289.0,710.0,1291.0,713.0
2822,0,2823,0,Plaques,1.0,0.0,1582.0,712.0,13.0,1581.0,710.0,1584.0,715.0
2823,0,2824,0,Plaques,1.0,0.0,1600.1818,711.8182,11.0,1599.0,710.0,1603.0,714.0
2824,0,2825,0,Plaques,1.0,0.0,1633.0605,715.1212,33.0,1631.0,710.0,1637.0,720.0
2825,0,2826,0,Plaques,1.0,0.0,1654.3556,713.8444,45.0,1649.0,710.0,1660.0,718.0
2826,0,2827,0,Plaques,1.0,0.0,616.0,712.0,5.0,615.0,711.0,618.0,714.0
2827,0,2828,0,Plaques,1.0,0.0,919.0,713.0,21.0,917.0,711.0,922.0,716.0
2828,0,2829,0,Plaques,1.0,0.0,1028.5,712.0,6.0,1028.0,711.0,1030.0,714.0
2829,0,2830,0,Plaques,1.0,0.0,1087.7307,714.11536,26.0,1086.0,711.0,1091.0,718.0
2830,0,2831,0,Plaques,1.0,0.0,1449.75,712.625,8.0,1449.0,711.0,1452.0,715.0
2831,0,2832,0,Plaques,1.0,0.0,1624.2,711.4,5.0,1623.0,711.0,1626.0,713.0
2832,0,2833,0,Plaques,1.0,0.0,251.0,713.0,3.0,251.0,712.0,252.0,715.0
2833,0,2834,0,Plaques,1.0,0.0,835.6667,712.3333,3.0,835.0,712.0,837.0,714.0
2834,0,2835,0,Plaques,1.0,0.0,840.5,712.5,4.0,840.0,712.0,842.0,714.0
2835,0,2836,0,Plaques,1.0,0.0,910.4545,713.36365,11.0,909.0,712.0,913.0,716.0
2836,0,2837,0,Plaques,1.0,0.0,1141.8889,720.625,72.0,1137.0,712.0,1151.0,730.0
2837,0,2838,0,Plaques,1.0,0.0,1425.25,712.625,8.0,1424.0,712.0,1428.0,715.0
2838,0,2839,0,Plaques,1.0,0.0,1610.8182,713.8182,11.0,1609.0,712.0,1613.0,716.0
2839,0,2840,0,Plaques,1.0,0.0,407.5,714.0,6.0,407.0,713.0,409.0,716.0
2840,0,2841,0,Plaques,1.0,0.0,420.2857,714.0,7.0,419.0,713.0,422.0,716.0
2841,0,2842,0,Plaques,1.0,0.0,778.7143,714.0,7.0,778.0,713.0,781.0,716.0
2842,0,2843,0,Plaques,1.0,0.0,804.5,713.5,4.0,804.0,713.0,806.0,715.0
2843,0,2844,0,Plaques,1.0,0.0,1298.2142,714.6429,14.0,1296.0,713.0,1301.0,717.0
2844,0,2845,0,Plaques,1.0,0.0,1468.0,713.25,4.0,1467.0,713.0,1470.0,715.0
2845,0,2846,0,Plaques,1.0,0.0,1562.125,714.125,8.0,1561.0,713.0,1564.0,716.0
2846,0,2847,0,Plaques,1.0,0.0,1594.2,713.4,5.0,1593.0,713.0,1596.0,715.0
2847,0,2848,0,Plaques,1.0,0.0,1627.0,713.8,5.0,1626.0,713.0,1629.0,716.0
2848,0,2849,0,Plaques,1.0,0.0,429.04166,715.7917,24.0,425.0,714.0,433.0,719.0
2849,0,2850,0,Plaques,1.0,0.0,587.6667,714.3333,3.0,587.0,714.0,589.0,716.0
2850,0,2851,0,Plaques,1.0,0.0,639.5,714.5,4.0,639.0,714.0,641.0,716.0
2851,0,2852,0,Plaques,1.0,0.0,799.6,714.8,5.0,799.0,714.0,801.0,717.0
2852,0,2853,0,Plaques,1.0,0.0,893.0,716.0,9.0,892.0,714.0,895.0,719.0
2853,0,2854,0,Plaques,1.0,0.0,1010.0,715.2857,7.0,1009.0,714.0,1012.0,717.0
2854,0,2855,0,Plaques,1.0,0.0,1067.2,714.6,5.0,1066.0,714.0,1069.0,716.0
2855,0,2856,0,Plaques,1.0,0.0,1220.5,715.0,10.0,1219.0,714.0,1223.0,717.0
2856,0,2857,0,Plaques,1.0,0.0,1458.9615,717.0,26.0,1457.0,714.0,1462.0,721.0
2857,0,2858,0,Plaques,1.0,0.0,1713.5,715.0,10.0,1712.0,714.0,1716.0,717.0
2858,0,2859,0,Plaques,1.0,0.0,1728.125,715.125,8.0,1727.0,714.0,1730.0,717.0
2859,0,2860,0,Plaques,1.0,0.0,415.5,716.5,12.0,414.0,715.0,418.0,719.0
2860,0,2861,0,Plaques,1.0,0.0,594.5,716.0,6.0,594.0,715.0,596.0,718.0
2861,0,2862,0,Plaques,1.0,0.0,613.0,716.5,8.0,612.0,715.0,615.0,719.0
2862,0,2863,0,Plaques,1.0,0.0,862.5,715.5,4.0,862.0,715.0,864.0,717.0
2863,0,2864,0,Plaques,1.0,0.0,981.6,716.2,5.0,981.0,715.0,983.0,718.0
2864,0,2865,0,Plaques,1.0,0.0,1018.125,716.125,8.0,1017.0,715.0,1020.0,718.0
2865,0,2866,0,Plaques,1.0,0.0,1271.5,716.75,16.0,1269.0,715.0,1275.0,719.0
2866,0,2867,0,Plaques,1.0,0.0,1668.0,716.0,9.0,1667.0,715.0,1670.0,718.0
2867,0,2868,0,Plaques,1.0,0.0,401.0,716.5,6.0,400.0,716.0,403.0,718.0
2868,0,2869,0,Plaques,1.0,0.0,497.875,717.125,8.0,497.0,716.0,500.0,719.0
2869,0,2870,0,Plaques,1.0,0.0,788.25,717.5357,28.0,785.0,716.0,793.0,720.0
2870,0,2871,0,Plaques,1.0,0.0,956.875,717.125,8.0,956.0,716.0,959.0,719.0
2871,0,2872,0,Plaques,1.0,0.0,1246.909,717.63635,11.0,1246.0,716.0,1249.0,720.0
2872,0,2873,0,Plaques,1.0,0.0,744.58826,719.2353,17.0,742.0,717.0,748.0,722.0
2873,0,2874,0,Plaques,1.0,0.0,872.5,717.5,4.0,872.0,717.0,874.0,719.0
2874,0,2875,0,Plaques,1.0,0.0,889.6667,717.6667,3.0,889.0,717.0,891.0,719.0
2875,0,2876,0,Plaques,1.0,0.0,910.4545,718.36365,11.0,909.0,717.0,913.0,721.0
2876,0,2877,0,Plaques,1.0,0.0,1592.1052,720.1579,57.0,1588.0,717.0,1598.0,725.0
2877,0,2878,0,Plaques,1.0,0.0,1601.5,721.5476,42.0,1599.0,717.0,1607.0,728.0
2878,0,2879,0,Plaques,1.0,0.0,421.0,718.7143,7.0,420.0,718.0,423.0,721.0
2879,0,2880,0,Plaques,1.0,0.0,440.6154,719.38464,13.0,439.0,718.0,443.0,722.0
2880,0,2881,0,Plaques,1.0,0.0,485.5,718.5,4.0,485.0,718.0,487.0,720.0
2881,0,2882,0,Plaques,1.0,0.0,623.8421,720.7368,19.0,622.0,718.0,627.0,724.0
2882,0,2883,0,Plaques,1.0,0.0,1314.5,719.0,6.0,1314.0,718.0,1316.0,721.0
2883,0,2884,0,Plaques,1.0,0.0,1698.5,718.5,4.0,1698.0,718.0,1700.0,720.0
2884,0,2885,0,Plaques,1.0,0.0,153.0,720.0,5.0,152.0,719.0,155.0,722.0
2885,0,2886,0,Plaques,1.0,0.0,480.5,719.5,4.0,480.0,719.0,482.0,721.0
2886,0,2887,0,Plaques,1.0,0.0,516.8461,720.46155,13.0,515.0,719.0,520.0,723.0
2887,0,2888,0,Plaques,1.0,0.0,586.0,720.5,16.0,584.0,719.0,589.0,723.0
2888,0,2889,0,Plaques,1.0,0.0,599.2857,720.5,14.0,598.0,719.0,602.0,723.0
2889,0,2890,0,Plaques,1.0,0.0,799.0,720.0,5.0,798.0,719.0,801.0,722.0
2890,0,2891,0,Plaques,1.0,0.0,849.6,719.8,5.0,849.0,719.0,851.0,722.0
2891,0,2892,0,Plaques,1.0,0.0,1008.5,719.5,4.0,1008.0,719.0,1010.0,721.0
2892,0,2893,0,Plaques,1.0,0.0,1161.7142,720.5,14.0,1160.0,719.0,1164.0,723.0
2893,0,2894,0,Plaques,1.0,0.0,1320.8,719.6,5.0,1320.0,719.0,1323.0,721.0
2894,0,2895,0,Plaques,1.0,0.0,1619.5,721.0,12.0,1617.0,719.0,1623.0,723.0
2895,0,2896,0,Plaques,1.0,0.0,1656.6154,720.61536,13.0,1655.0,719.0,1659.0,723.0
2896,0,2897,0,Plaques,1.0,0.0,1677.0,719.25,4.0,1676.0,719.0,1679.0,721.0
2897,0,2898,0,Plaques,1.0,0.0,408.3,722.25,20.0,406.0,720.0,411.0,726.0
2898,0,2899,0,Plaques,1.0,0.0,435.8,720.4,5.0,435.0,720.0,438.0,722.0
2899,0,2900,0,Plaques,1.0,0.0,502.0,720.25,4.0,501.0,720.0,504.0,722.0
2900,0,2901,0,Plaques,1.0,0.0,522.6667,720.6667,3.0,522.0,720.0,524.0,722.0
2901,0,2902,0,Plaques,1.0,0.0,563.5,720.5,4.0,563.0,720.0,565.0,722.0
2902,0,2903,0,Plaques,1.0,0.0,966.0,721.0,7.0,965.0,720.0,968.0,723.0
2903,0,2904,0,Plaques,1.0,0.0,1039.5,720.5,4.0,1039.0,720.0,1041.0,722.0
2904,0,2905,0,Plaques,1.0,0.0,1240.3334,720.8889,9.0,1239.0,720.0,1243.0,723.0
2905,0,2906,0,Plaques,1.0,0.0,1574.9,721.9,10.0,1574.0,720.0,1577.0,725.0
2906,0,2907,0,Plaques,1.0,0.0,1581.125,720.875,8.0,1580.0,720.0,1583.0,723.0
2907,0,2908,0,Plaques,1.0,0.0,1613.5,720.5,4.0,1613.0,720.0,1615.0,722.0
2908,0,2909,0,Plaques,1.0,0.0,1640.762,725.31744,63.0,1632.0,720.0,1648.0,729.0
2909,0,2910,0,Plaques,1.0,0.0,1694.421,721.5789,19.0,1692.0,720.0,1698.0,724.0
2910,0,2911,0,Plaques,1.0,0.0,1729.7548,724.50946,53.0,1725.0,720.0,1735.0,730.0
2911,0,2912,0,Plaques,1.0,0.0,238.66667,721.6667,3.0,238.0,721.0,240.0,723.0
2912,0,2913,0,Plaques,1.0,0.0,483.5,722.0,6.0,483.0,721.0,485.0,724.0
2913,0,2914,0,Plaques,1.0,0.0,617.1667,721.8333,6.0,616.0,721.0,619.0,724.0
2914,0,2915,0,Plaques,1.0,0.0,636.6667,721.6667,3.0,636.0,721.0,638.0,723.0
2915,0,2916,0,Plaques,1.0,0.0,903.5,721.5,4.0,903.0,721.0,905.0,723.0
2916,0,2917,0,Plaques,1.0,0.0,935.6667,721.6667,3.0,935.0,721.0,937.0,723.0
2917,0,2918,0,Plaques,1.0,0.0,1184.3334,721.3333,3.0,1184.0,721.0,1186.0,723.0
2918,0,2919,0,Plaques,1.0,0.0,1290.8,721.6,5.0,1290.0,721.0,1293.0,723.0
2919,0,2920,0,Plaques,1.0,0.0,1625.6202,728.4684,79.0,1622.0,721.0,1632.0,737.0
2920,0,2921,0,Plaques,1.0,0.0,1681.5,721.5,4.0,1681.0,721.0,1683.0,723.0
2921,0,2922,0,Plaques,1.0,0.0,395.125,722.875,8.0,394.0,722.0,397.0,725.0
2922,0,2923,0,Plaques,1.0,0.0,420.5,723.5,14.0,419.0,722.0,423.0,726.0
2923,0,2924,0,Plaques,1.0,0.0,878.5,722.5,4.0,878.0,722.0,880.0,724.0
2924,0,2925,0,Plaques,1.0,0.0,906.6667,722.3333,3.0,906.0,722.0,908.0,724.0
2925,0,2926,0,Plaques,1.0,0.0,1667.3684,727.0526,38.0,1665.0,722.0,1671.0,732.0
2926,0,2927,0,Plaques,1.0,0.0,590.5,723.5,4.0,590.0,723.0,592.0,725.0
2927,0,2928,0,Plaques,1.0,0.0,609.3684,725.7895,19.0,607.0,723.0,613.0,730.0
2928,0,2929,0,Plaques,1.0,0.0,786.6,724.6,15.0,785.0,723.0,789.0,727.0
2929,0,2930,0,Plaques,1.0,0.0,805.875,723.875,8.0,805.0,723.0,808.0,726.0
2930,0,2931,0,Plaques,1.0,0.0,951.5,723.5,4.0,951.0,723.0,953.0,725.0
2931,0,2932,0,Plaques,1.0,0.0,1011.5,724.0,6.0,1011.0,723.0,1013.0,726.0
2932,0,2933,0,Plaques,1.0,0.0,1021.8333,723.8333,6.0,1021.0,723.0,1024.0,726.0
2933,0,2934,0,Plaques,1.0,0.0,1300.6884,728.3896,77.0,1291.0,723.0,1315.0,733.0
2934,0,2935,0,Plaques,1.0,0.0,1650.125,723.875,8.0,1649.0,723.0,1652.0,726.0
2935,0,2936,0,Plaques,1.0,0.0,601.87036,729.03705,54.0,596.0,724.0,607.0,735.0
2936,0,2937,0,Plaques,1.0,0.0,836.5,725.0,6.0,836.0,724.0,838.0,727.0
2937,0,2938,0,Plaques,1.0,0.0,999.5,724.5,4.0,999.0,724.0,1001.0,726.0
2938,0,2939,0,Plaques,1.0,0.0,1097.5,724.5,4.0,1097.0,724.0,1099.0,726.0
2939,0,2940,0,Plaques,1.0,0.0,1153.9636,727.43634,55.0,1148.0,724.0,1159.0,733.0
2940,0,2941,0,Plaques,1.0,0.0,1278.5,725.2,10.0,1277.0,724.0,1281.0,727.0
2941,0,2942,0,Plaques,1.0,0.0,1430.0,725.5,12.0,1429.0,724.0,1432.0,728.0
2942,0,2943,0,Plaques,1.0,0.0,1463.0,724.75,4.0,1462.0,724.0,1465.0,726.0
2943,0,2944,0,Plaques,1.0,0.0,1709.0,724.5,6.0,1708.0,724.0,1711.0,726.0
2944,0,2945,0,Plaques,1.0,0.0,1713.7142,725.0,7.0,1713.0,724.0,1716.0,727.0
2945,0,2946,0,Plaques,1.0,0.0,462.2,725.4,5.0,461.0,725.0,464.0,727.0
2946,0,2947,0,Plaques,1.0,0.0,639.5,725.5,4.0,639.0,725.0,641.0,727.0
2947,0,2948,0,Plaques,1.0,0.0,709.875,726.125,8.0,709.0,725.0,712.0,728.0
2948,0,2949,0,Plaques,1.0,0.0,1006.0,725.7143,7.0,1005.0,725.0,1008.0,728.0
2949,0,2950,0,Plaques,1.0,0.0,1092.8182,726.4545,11.0,1091.0,725.0,1095.0,729.0
2950,0,2951,0,Plaques,1.0,0.0,1176.4375,725.75,16.0,1174.0,725.0,1181.0,728.0
2951,0,2952,0,Plaques,1.0,0.0,1422.8,725.4,5.0,1422.0,725.0,1425.0,727.0
2952,0,2953,0,Plaques,1.0,0.0,1608.2458,728.2459,61.0,1602.0,725.0,1615.0,734.0
2953,0,2954,0,Plaques,1.0,0.0,189.8125,727.3125,16.0,187.0,726.0,194.0,730.0
2954,0,2955,0,Plaques,1.0,0.0,237.0,726.5,6.0,236.0,726.0,239.0,728.0
2955,0,2956,0,Plaques,1.0,0.0,469.5,726.5,8.0,468.0,726.0,472.0,728.0
2956,0,2957,0,Plaques,1.0,0.0,829.0,727.2,10.0,828.0,726.0,831.0,730.0
2957,0,2958,0,Plaques,1.0,0.0,874.61536,727.38464,13.0,873.0,726.0,877.0,730.0
2958,0,2959,0,Plaques,1.0,0.0,901.0,726.7143,7.0,900.0,726.0,903.0,729.0
2959,0,2960,0,Plaques,1.0,0.0,1165.0667,728.43335,30.0,1161.0,726.0,1169.0,733.0
2960,0,2961,0,Plaques,1.0,0.0,1247.8,727.0,10.0,1246.0,726.0,1250.0,729.0
2961,0,2962,0,Plaques,1.0,0.0,1558.6666,726.6667,3.0,1558.0,726.0,1560.0,728.0
2962,0,2963,0,Plaques,1.0,0.0,1581.4286,727.2857,7.0,1581.0,726.0,1583.0,730.0
2963,0,2964,0,Plaques,1.0,0.0,1658.2,726.6,5.0,1657.0,726.0,1660.0,728.0
2964,0,2965,0,Plaques,1.0,0.0,393.7143,727.8571,7.0,391.0,727.0,397.0,729.0
2965,0,2966,0,Plaques,1.0,0.0,412.5,728.0,6.0,412.0,727.0,414.0,730.0
2966,0,2967,0,Plaques,1.0,0.0,516.5,728.0,4.0,516.0,727.0,518.0,730.0
2967,0,2968,0,Plaques,1.0,0.0,573.4,729.04,25.0,570.0,727.0,578.0,732.0
2968,0,2969,0,Plaques,1.0,0.0,921.875,727.875,8.0,921.0,727.0,924.0,730.0
2969,0,2970,0,Plaques,1.0,0.0,939.2,727.6,5.0,938.0,727.0,941.0,729.0
2970,0,2971,0,Plaques,1.0,0.0,963.8,727.6,5.0,963.0,727.0,966.0,729.0
2971,0,2972,0,Plaques,1.0,0.0,1184.0,727.7143,7.0,1183.0,727.0,1186.0,730.0
2972,0,2973,0,Plaques,1.0,0.0,1223.5,727.5,4.0,1223.0,727.0,1225.0,729.0
2973,0,2974,0,Plaques,1.0,0.0,1323.4762,731.4286,42.0,1319.0,727.0,1328.0,737.0
2974,0,2975,0,Plaques,1.0,0.0,1566.4,727.8,5.0,1566.0,727.0,1568.0,730.0
2975,0,2976,0,Plaques,1.0,0.0,1618.0,729.4706,17.0,1616.0,727.0,1621.0,733.0
2976,0,2977,0,Plaques,1.0,0.0,1696.0,728.0,9.0,1695.0,727.0,1698.0,730.0
2977,0,2978,0,Plaques,1.0,0.0,148.66667,728.3333,3.0,148.0,728.0,150.0,730.0
2978,0,2979,0,Plaques,1.0,0.0,372.2,728.6,5.0,371.0,728.0,374.0,730.0
2979,0,2980,0,Plaques,1.0,0.0,848.5,729.5,8.0,848.0,728.0,850.0,732.0
2980,0,2981,0,Plaques,1.0,0.0,853.4,729.2,5.0,853.0,728.0,855.0,731.0
2981,0,2982,0,Plaques,1.0,0.0,868.8333,728.8333,6.0,868.0,728.0,871.0,731.0
2982,0,2983,0,Plaques,1.0,0.0,881.5,729.0,6.0,881.0,728.0,883.0,731.0
2983,0,2984,0,Plaques,1.0,0.0,989.0,729.3571,14.0,987.0,728.0,992.0,732.0
2984,0,2985,0,Plaques,1.0,0.0,1038.0,729.2857,7.0,1037.0,728.0,1040.0,731.0
2985,0,2986,0,Plaques,1.0,0.0,1078.0,728.5,6.0,1077.0,728.0,1080.0,730.0
2986,0,2987,0,Plaques,1.0,0.0,1084.0,728.5,6.0,1083.0,728.0,1086.0,730.0
2987,0,2988,0,Plaques,1.0,0.0,1196.069,729.2069,29.0,1191.0,728.0,1201.0,732.0
2988,0,2989,0,Plaques,1.0,0.0,1422.7241,730.62067,29.0,1420.0,728.0,1427.0,734.0
2989,0,2990,0,Plaques,1.0,0.0,1441.25,729.5833,12.0,1440.0,728.0,1444.0,732.0
2990,0,2991,0,Plaques,1.0,0.0,1588.659,731.5,44.0,1583.0,728.0,1596.0,737.0
2991,0,2992,0,Plaques,1.0,0.0,460.7143,730.0,7.0,460.0,729.0,463.0,732.0
2992,0,2993,0,Plaques,1.0,0.0,1026.8334,729.8333,6.0,1026.0,729.0,1029.0,732.0
2993,0,2994,0,Plaques,1.0,0.0,1049.0,730.0,5.0,1048.0,729.0,1051.0,732.0
2994,0,2995,0,Plaques,1.0,0.0,1265.6364,730.5455,11.0,1264.0,729.0,1268.0,733.0
2995,0,2996,0,Plaques,1.0,0.0,377.5,730.5,4.0,377.0,730.0,379.0,732.0
2996,0,2997,0,Plaques,1.0,0.0,404.33334,732.73334,15.0,402.0,730.0,408.0,736.0
2997,0,2998,0,Plaques,1.0,0.0,448.5,731.0,6.0,448.0,730.0,450.0,733.0
2998,0,2999,0,Plaques,1.0,0.0,903.6667,730.3333,3.0,903.0,730.0,905.0,732.0
2999,0,3000,0,Plaques,1.0,0.0,910.2,730.6,5.0,909.0,730.0,912.0,732.0
3000,0,3001,0,Plaques,1.0,0.0,1218.5,731.5,6.0,1218.0,730.0,1220.0,734.0
3001,0,3002,0,Plaques,1.0,0.0,1251.2142,731.6429,14.0,1249.0,730.0,1255.0,734.0
3002,0,3003,0,Plaques,1.0,0.0,1561.8334,731.1667,6.0,1561.0,730.0,1564.0,733.0
3003,0,3004,0,Plaques,1.0,0.0,1638.4,732.06665,15.0,1637.0,730.0,1641.0,735.0
3004,0,3005,0,Plaques,1.0,0.0,379.48148,735.2222,27.0,377.0,731.0,383.0,739.0
3005,0,3006,0,Plaques,1.0,0.0,564.32355,733.55884,34.0,561.0,731.0,569.0,737.0
3006,0,3007,0,Plaques,1.0,0.0,624.8333,731.8333,6.0,624.0,731.0,627.0,734.0
3007,0,3008,0,Plaques,1.0,0.0,1279.5,732.0,12.0,1278.0,731.0,1282.0,734.0
3008,0,3009,0,Plaques,1.0,0.0,1651.6185,741.8969,194.0,1643.0,731.0,1662.0,759.0
3009,0,3010,0,Plaques,1.0,0.0,1703.5,731.5,12.0,1701.0,731.0,1707.0,733.0
3010,0,3011,0,Plaques,1.0,0.0,174.88889,733.6667,9.0,174.0,732.0,177.0,736.0
3011,0,3012,0,Plaques,1.0,0.0,196.5,732.5,4.0,196.0,732.0,198.0,734.0
3012,0,3013,0,Plaques,1.0,0.0,389.5,733.0,10.0,388.0,732.0,392.0,735.0
3013,0,3014,0,Plaques,1.0,0.0,523.7143,733.0,7.0,523.0,732.0,526.0,735.0
3014,0,3015,0,Plaques,1.0,0.0,593.38464,733.61536,13.0,592.0,732.0,596.0,736.0
3015,0,3016,0,Plaques,1.0,0.0,876.5,732.5,4.0,876.0,732.0,878.0,734.0
3016,0,3017,0,Plaques,1.0,0.0,1016.1111,733.6667,9.0,1015.0,732.0,1018.0,736.0
3017,0,3018,0,Plaques,1.0,0.0,1055.3334,732.3333,3.0,1055.0,732.0,1057.0,734.0
3018,0,3019,0,Plaques,1.0,0.0,1089.8,732.4,5.0,1089.0,732.0,1092.0,734.0
3019,0,3020,0,Plaques,1.0,0.0,1242.0,732.75,4.0,1241.0,732.0,1244.0,734.0
3020,0,3021,0,Plaques,1.0,0.0,1447.6666,732.6667,3.0,1447.0,732.0,1449.0,734.0
3021,0,3022,0,Plaques,1.0,0.0,1556.2,732.6,5.0,1555.0,732.0,1558.0,734.0
3022,0,3023,0,Plaques,1.0,0.0,1671.5,732.5,4.0,1671.0,732.0,1673.0,734.0
3023,0,3024,0,Plaques,1.0,0.0,443.2857,734.5,14.0,442.0,733.0,446.0,737.0
3024,0,3025,0,Plaques,1.0,0.0,832.38464,734.38464,13.0,831.0,733.0,835.0,737.0
3025,0,3026,0,Plaques,1.0,0.0,845.125,734.125,8.0,844.0,733.0,847.0,736.0
3026,0,3027,0,Plaques,1.0,0.0,1084.8889,734.6667,9.0,1084.0,733.0,1087.0,737.0
3027,0,3028,0,Plaques,1.0,0.0,1206.2963,735.3889,54.0,1198.0,733.0,1214.0,739.0
3028,0,3029,0,Plaques,1.0,0.0,1570.8,733.4,5.0,1570.0,733.0,1573.0,735.0
3029,0,3030,0,Plaques,1.0,0.0,1610.75,734.9643,28.0,1608.0,733.0,1615.0,738.0
3030,0,3031,0,Plaques,1.0,0.0,1728.9375,734.6875,16.0,1727.0,733.0,1732.0,737.0
3031,0,3032,0,Plaques,1.0,0.0,1741.5,733.5,4.0,1741.0,733.0,1743.0,735.0
3032,0,3033,0,Plaques,1.0,0.0,170.5,734.5,4.0,170.0,734.0,172.0,736.0
3033,0,3034,0,Plaques,1.0,0.0,189.66667,735.6667,12.0,188.0,734.0,192.0,738.0
3034,0,3035,0,Plaques,1.0,0.0,237.2,734.6,5.0,236.0,734.0,239.0,736.0
3035,0,3036,0,Plaques,1.0,0.0,453.26315,735.9474,19.0,451.0,734.0,457.0,739.0
3036,0,3037,0,Plaques,1.0,0.0,610.31177,745.68823,170.0,597.0,734.0,624.0,757.0
3037,0,3038,0,Plaques,1.0,0.0,809.0,734.5,6.0,808.0,734.0,811.0,736.0
3038,0,3039,0,Plaques,1.0,0.0,986.2,734.4,5.0,985.0,734.0,988.0,736.0
3039,0,3040,0,Plaques,1.0,0.0,1064.5,734.5,4.0,1064.0,734.0,1066.0,736.0
3040,0,3041,0,Plaques,1.0,0.0,1164.7368,738.4474,38.0,1161.0,734.0,1169.0,743.0
3041,0,3042,0,Plaques,1.0,0.0,1283.6666,734.3333,3.0,1283.0,734.0,1285.0,736.0
3042,0,3043,0,Plaques,1.0,0.0,1315.3928,738.0,28.0,1310.0,734.0,1320.0,743.0
3043,0,3044,0,Plaques,1.0,0.0,1634.1111,735.6667,9.0,1633.0,734.0,1636.0,738.0
3044,0,3045,0,Plaques,1.0,0.0,1665.317,738.36584,41.0,1663.0,734.0,1669.0,744.0
3045,0,3046,0,Plaques,1.0,0.0,529.5,735.5,4.0,529.0,735.0,531.0,737.0
3046,0,3047,0,Plaques,1.0,0.0,572.6667,735.3333,3.0,572.0,735.0,574.0,737.0
3047,0,3048,0,Plaques,1.0,0.0,1141.25,736.0,4.0,1141.0,735.0,1143.0,738.0
3048,0,3049,0,Plaques,1.0,0.0,1232.1428,740.9286,70.0,1226.0,735.0,1237.0,749.0
3049,0,3050,0,Plaques,1.0,0.0,1300.5,735.5,4.0,1300.0,735.0,1302.0,737.0
3050,0,3051,0,Plaques,1.0,0.0,1433.2632,737.1842,38.0,1430.0,735.0,1438.0,742.0
3051,0,3052,0,Plaques,1.0,0.0,1559.0,737.125,16.0,1557.0,735.0,1562.0,740.0
3052,0,3053,0,Plaques,1.0,0.0,1595.0387,745.63873,155.0,1585.0,735.0,1607.0,755.0
3053,0,3054,0,Plaques,1.0,0.0,181.78572,737.3571,14.0,180.0,736.0,185.0,740.0
3054,0,3055,0,Plaques,1.0,0.0,587.875,736.875,8.0,587.0,736.0,590.0,739.0
3055,0,3056,0,Plaques,1.0,0.0,785.0,737.0,9.0,784.0,736.0,787.0,739.0
3056,0,3057,0,Plaques,1.0,0.0,905.5,736.5,4.0,905.0,736.0,907.0,738.0
3057,0,3058,0,Plaques,1.0,0.0,1023.5,736.5,4.0,1023.0,736.0,1025.0,738.0
3058,0,3059,0,Plaques,1.0,0.0,1577.5,736.5,4.0,1577.0,736.0,1579.0,738.0
3059,0,3060,0,Plaques,1.0,0.0,1685.6666,736.6667,3.0,1685.0,736.0,1687.0,738.0
3060,0,3061,0,Plaques,1.0,0.0,393.8,738.5,10.0,392.0,737.0,396.0,741.0
3061,0,3062,0,Plaques,1.0,0.0,546.8333,738.1667,6.0,546.0,737.0,549.0,740.0
3062,0,3063,0,Plaques,1.0,0.0,611.6667,737.8889,9.0,610.0,737.0,614.0,740.0
3063,0,3064,0,Plaques,1.0,0.0,850.5,737.5,4.0,850.0,737.0,852.0,739.0
3064,0,3065,0,Plaques,1.0,0.0,883.5,737.5,4.0,883.0,737.0,885.0,739.0
3065,0,3066,0,Plaques,1.0,0.0,1098.4,737.9,10.0,1097.0,737.0,1102.0,740.0
3066,0,3067,0,Plaques,1.0,0.0,1713.8334,737.8333,6.0,1713.0,737.0,1716.0,740.0
3067,0,3068,0,Plaques,1.0,0.0,374.8,738.4,5.0,374.0,738.0,377.0,740.0
3068,0,3069,0,Plaques,1.0,0.0,580.5,738.5,4.0,580.0,738.0,582.0,740.0
3069,0,3070,0,Plaques,1.0,0.0,709.6667,738.3333,3.0,709.0,738.0,711.0,740.0
3070,0,3071,0,Plaques,1.0,0.0,716.5,738.5,4.0,716.0,738.0,718.0,740.0
3071,0,3072,0,Plaques,1.0,0.0,837.125,739.125,8.0,836.0,738.0,839.0,741.0
3072,0,3073,0,Plaques,1.0,0.0,1014.6667,739.75,12.0,1013.0,738.0,1017.0,742.0
3073,0,3074,0,Plaques,1.0,0.0,1171.6666,738.6667,3.0,1171.0,738.0,1173.0,740.0
3074,0,3075,0,Plaques,1.0,0.0,1263.8334,739.0833,12.0,1262.0,738.0,1267.0,741.0
3075,0,3076,0,Plaques,1.0,0.0,1418.8,739.5,10.0,1418.0,738.0,1421.0,742.0
3076,0,3077,0,Plaques,1.0,0.0,1543.1177,739.7647,17.0,1541.0,738.0,1546.0,743.0
3077,0,3078,0,Plaques,1.0,0.0,1636.5,739.0,4.0,1636.0,738.0,1638.0,741.0
3078,0,3079,0,Plaques,1.0,0.0,857.5,740.5,12.0,856.0,739.0,860.0,743.0
3079,0,3080,0,Plaques,1.0,0.0,956.5,739.5,4.0,956.0,739.0,958.0,741.0
3080,0,3081,0,Plaques,1.0,0.0,1213.8889,740.6667,9.0,1213.0,739.0,1216.0,743.0
3081,0,3082,0,Plaques,1.0,0.0,1525.6,740.2,5.0,1525.0,739.0,1527.0,742.0
3082,0,3083,0,Plaques,1.0,0.0,1583.4,740.5,20.0,1581.0,739.0,1587.0,744.0
3083,0,3084,0,Plaques,1.0,0.0,1617.826,740.86957,23.0,1613.0,739.0,1622.0,744.0
3084,0,3085,0,Plaques,1.0,0.0,1680.6,740.2,5.0,1680.0,739.0,1682.0,742.0
3085,0,3086,0,Plaques,1.0,0.0,1704.0,739.5,6.0,1703.0,739.0,1706.0,741.0
3086,0,3087,0,Plaques,1.0,0.0,178.16667,741.4167,12.0,176.0,740.0,182.0,743.0
3087,0,3088,0,Plaques,1.0,0.0,526.0,741.0,7.0,525.0,740.0,528.0,743.0
3088,0,3089,0,Plaques,1.0,0.0,1240.25,741.9167,24.0,1237.0,740.0,1245.0,745.0
3089,0,3090,0,Plaques,1.0,0.0,1259.3,741.6,10.0,1258.0,740.0,1262.0,744.0
3090,0,3091,0,Plaques,1.0,0.0,1274.4445,747.0635,63.0,1270.0,740.0,1280.0,753.0
3091,0,3092,0,Plaques,1.0,0.0,1284.7858,741.6429,14.0,1283.0,740.0,1288.0,744.0
3092,0,3093,0,Plaques,1.0,0.0,1412.0,741.2,10.0,1411.0,740.0,1414.0,744.0
3093,0,3094,0,Plaques,1.0,0.0,1632.0,741.0,7.0,1631.0,740.0,1634.0,743.0
3094,0,3095,0,Plaques,1.0,0.0,1671.5818,745.2182,55.0,1668.0,740.0,1676.0,752.0
3095,0,3096,0,Plaques,1.0,0.0,236.5,741.5,4.0,236.0,741.0,238.0,743.0
3096,0,3097,0,Plaques,1.0,0.0,353.0,742.0,9.0,351.0,741.0,356.0,744.0
3097,0,3098,0,Plaques,1.0,0.0,562.5,741.5,4.0,562.0,741.0,564.0,743.0
3098,0,3099,0,Plaques,1.0,0.0,778.5,743.7273,22.0,777.0,741.0,781.0,747.0
3099,0,3100,0,Plaques,1.0,0.0,988.5,741.5,4.0,988.0,741.0,990.0,743.0
3100,0,3101,0,Plaques,1.0,0.0,1027.0,741.5,6.0,1026.0,741.0,1029.0,743.0
3101,0,3102,0,Plaques,1.0,0.0,1058.5,741.5,4.0,1058.0,741.0,1060.0,743.0
3102,0,3103,0,Plaques,1.0,0.0,1093.3334,741.6667,3.0,1093.0,741.0,1095.0,743.0
3103,0,3104,0,Plaques,1.0,0.0,1205.575,744.85,40.0,1203.0,741.0,1209.0,750.0
3104,0,3105,0,Plaques,1.0,0.0,1394.0,742.0,9.0,1393.0,741.0,1396.0,744.0
3105,0,3106,0,Plaques,1.0,0.0,1610.3334,743.4667,15.0,1609.0,741.0,1613.0,747.0
3106,0,3107,0,Plaques,1.0,0.0,1690.8889,742.6667,9.0,1690.0,741.0,1693.0,745.0
3107,0,3108,0,Plaques,1.0,0.0,340.5,742.5,4.0,340.0,742.0,342.0,744.0
3108,0,3109,0,Plaques,1.0,0.0,432.7143,743.5,14.0,431.0,742.0,435.0,746.0
3109,0,3110,0,Plaques,1.0,0.0,705.3333,742.3333,3.0,705.0,742.0,707.0,744.0
3110,0,3111,0,Plaques,1.0,0.0,848.36365,743.0909,11.0,847.0,742.0,851.0,745.0
3111,0,3112,0,Plaques,1.0,0.0,871.5,743.5,14.0,870.0,742.0,874.0,746.0
3112,0,3113,0,Plaques,1.0,0.0,906.0,742.5,6.0,905.0,742.0,908.0,744.0
3113,0,3114,0,Plaques,1.0,0.0,1306.5,744.0,16.0,1305.0,742.0,1309.0,747.0
3114,0,3115,0,Plaques,1.0,0.0,1512.5,743.0,6.0,1512.0,742.0,1514.0,745.0
3115,0,3116,0,Plaques,1.0,0.0,1555.6395,748.48834,86.0,1550.0,742.0,1562.0,758.0
3116,0,3117,0,Plaques,1.0,0.0,1641.2307,748.35895,39.0,1639.0,742.0,1645.0,754.0
3117,0,3118,0,Plaques,1.0,0.0,557.4286,744.2857,7.0,557.0,743.0,559.0,747.0
3118,0,3119,0,Plaques,1.0,0.0,753.6667,743.6667,3.0,753.0,743.0,755.0,745.0
3119,0,3120,0,Plaques,1.0,0.0,901.6667,743.6667,3.0,901.0,743.0,903.0,745.0
3120,0,3121,0,Plaques,1.0,0.0,977.36365,743.9091,11.0,976.0,743.0,980.0,746.0
3121,0,3122,0,Plaques,1.0,0.0,1182.5,743.5,8.0,1181.0,743.0,1185.0,745.0
3122,0,3123,0,Plaques,1.0,0.0,1254.8,745.95,20.0,1253.0,743.0,1258.0,749.0
3123,0,3124,0,Plaques,1.0,0.0,170.71428,745.0,7.0,170.0,744.0,173.0,747.0
3124,0,3125,0,Plaques,1.0,0.0,201.875,744.875,8.0,201.0,744.0,204.0,747.0
3125,0,3126,0,Plaques,1.0,0.0,382.55554,747.87036,54.0,379.0,744.0,388.0,753.0
3126,0,3127,0,Plaques,1.0,0.0,420.33334,744.3333,3.0,420.0,744.0,422.0,746.0
3127,0,3128,0,Plaques,1.0,0.0,451.0,744.25,4.0,450.0,744.0,453.0,746.0
3128,0,3129,0,Plaques,1.0,0.0,802.38464,745.38464,13.0,801.0,744.0,805.0,748.0
3129,0,3130,0,Plaques,1.0,0.0,952.75,745.0,4.0,952.0,744.0,954.0,747.0
3130,0,3131,0,Plaques,1.0,0.0,1176.2,745.0,10.0,1175.0,744.0,1179.0,747.0
3131,0,3132,0,Plaques,1.0,0.0,1400.0,746.381,21.0,1398.0,744.0,1403.0,750.0
3132,0,3133,0,Plaques,1.0,0.0,1431.6666,744.6667,3.0,1431.0,744.0,1433.0,746.0
3133,0,3134,0,Plaques,1.0,0.0,1710.5,744.5,4.0,1710.0,744.0,1712.0,746.0
3134,0,3135,0,Plaques,1.0,0.0,232.25,746.0,4.0,232.0,745.0,234.0,748.0
3135,0,3136,0,Plaques,1.0,0.0,342.83334,745.8333,6.0,342.0,745.0,345.0,748.0
3136,0,3137,0,Plaques,1.0,0.0,517.0,746.2857,7.0,516.0,745.0,519.0,748.0
3137,0,3138,0,Plaques,1.0,0.0,681.7143,746.0,7.0,681.0,745.0,684.0,748.0
3138,0,3139,0,Plaques,1.0,0.0,1101.0,746.0,7.0,1100.0,745.0,1103.0,748.0
3139,0,3140,0,Plaques,1.0,0.0,1409.6,745.8,5.0,1409.0,745.0,1411.0,748.0
3140,0,3141,0,Plaques,1.0,0.0,1423.9474,749.1053,38.0,1421.0,745.0,1429.0,756.0
3141,0,3142,0,Plaques,1.0,0.0,1530.48,747.4,25.0,1528.0,745.0,1534.0,751.0
3142,0,3143,0,Plaques,1.0,0.0,1631.0,746.3043,23.0,1628.0,745.0,1635.0,749.0
3143,0,3144,0,Plaques,1.0,0.0,1679.9062,748.0,32.0,1677.0,745.0,1683.0,752.0
3144,0,3145,0,Plaques,1.0,0.0,358.0,748.0,9.0,357.0,746.0,360.0,751.0
3145,0,3146,0,Plaques,1.0,0.0,373.6,746.8,5.0,373.0,746.0,375.0,749.0
3146,0,3147,0,Plaques,1.0,0.0,914.875,746.875,8.0,914.0,746.0,917.0,749.0
3147,0,3148,0,Plaques,1.0,0.0,1015.3333,746.3333,3.0,1015.0,746.0,1017.0,748.0
3148,0,3149,0,Plaques,1.0,0.0,1223.8182,747.5455,11.0,1222.0,746.0,1226.0,750.0
3149,0,3150,0,Plaques,1.0,0.0,1290.6666,746.8889,9.0,1289.0,746.0,1293.0,749.0
3150,0,3151,0,Plaques,1.0,0.0,1545.8462,747.8461,13.0,1544.0,746.0,1548.0,751.0
3151,0,3152,0,Plaques,1.0,0.0,1620.3334,746.6667,3.0,1620.0,746.0,1622.0,748.0
3152,0,3153,0,Plaques,1.0,0.0,1663.96,748.4,25.0,1661.0,746.0,1668.0,752.0
3153,0,3154,0,Plaques,1.0,0.0,1689.6111,747.2222,18.0,1687.0,746.0,1693.0,750.0
3154,0,3155,0,Plaques,1.0,0.0,1706.5,746.5,4.0,1706.0,746.0,1708.0,748.0
3155,0,3156,0,Plaques,1.0,0.0,194.5,747.5,4.0,194.0,747.0,196.0,749.0
3156,0,3157,0,Plaques,1.0,0.0,222.5,747.5,4.0,222.0,747.0,224.0,749.0
3157,0,3158,0,Plaques,1.0,0.0,545.3333,747.8889,9.0,544.0,747.0,548.0,750.0
3158,0,3159,0,Plaques,1.0,0.0,563.6667,747.6667,3.0,563.0,747.0,565.0,749.0
3159,0,3160,0,Plaques,1.0,0.0,570.6667,747.8889,9.0,569.0,747.0,573.0,750.0
3160,0,3161,0,Plaques,1.0,0.0,578.1429,748.5714,14.0,576.0,747.0,581.0,751.0
3161,0,3162,0,Plaques,1.0,0.0,880.3333,747.6667,3.0,880.0,747.0,882.0,749.0
3162,0,3163,0,Plaques,1.0,0.0,1075.5,748.0,6.0,1075.0,747.0,1077.0,750.0
3163,0,3164,0,Plaques,1.0,0.0,1244.2,747.4,5.0,1243.0,747.0,1246.0,749.0
3164,0,3165,0,Plaques,1.0,0.0,1261.0,747.5,6.0,1260.0,747.0,1263.0,749.0
3165,0,3166,0,Plaques,1.0,0.0,1418.0,747.5,6.0,1417.0,747.0,1420.0,749.0
3166,0,3167,0,Plaques,1.0,0.0,368.83334,751.7083,24.0,366.0,748.0,373.0,756.0
3167,0,3168,0,Plaques,1.0,0.0,866.5,748.5,4.0,866.0,748.0,868.0,750.0
3168,0,3169,0,Plaques,1.0,0.0,895.0,749.5,12.0,894.0,748.0,897.0,752.0
3169,0,3170,0,Plaques,1.0,0.0,902.6667,748.6667,3.0,902.0,748.0,904.0,750.0
3170,0,3171,0,Plaques,1.0,0.0,1070.5,748.5,4.0,1070.0,748.0,1072.0,750.0
3171,0,3172,0,Plaques,1.0,0.0,1090.2307,748.46155,13.0,1087.0,748.0,1094.0,750.0
3172,0,3173,0,Plaques,1.0,0.0,1191.6666,748.7778,9.0,1190.0,748.0,1195.0,751.0
3173,0,3174,0,Plaques,1.0,0.0,1581.3636,749.0909,11.0,1580.0,748.0,1584.0,751.0
3174,0,3175,0,Plaques,1.0,0.0,1614.1333,749.8,15.0,1612.0,748.0,1617.0,752.0
3175,0,3176,0,Plaques,1.0,0.0,1735.125,748.875,8.0,1734.0,748.0,1737.0,751.0
3176,0,3177,0,Plaques,1.0,0.0,166.875,749.875,8.0,166.0,749.0,169.0,752.0
3177,0,3178,0,Plaques,1.0,0.0,550.0,750.2857,7.0,549.0,749.0,552.0,752.0
3178,0,3179,0,Plaques,1.0,0.0,856.0,750.2857,7.0,855.0,749.0,858.0,752.0
3179,0,3180,0,Plaques,1.0,0.0,886.2857,750.0,7.0,885.0,749.0,888.0,752.0
3180,0,3181,0,Plaques,1.0,0.0,1052.5,749.5,4.0,1052.0,749.0,1054.0,751.0
3181,0,3182,0,Plaques,1.0,0.0,1609.0,749.5,6.0,1608.0,749.0,1611.0,751.0
3182,0,3183,0,Plaques,1.0,0.0,243.33333,750.3333,3.0,243.0,750.0,245.0,752.0
3183,0,3184,0,Plaques,1.0,0.0,527.9091,751.36365,11.0,527.0,750.0,530.0,754.0
3184,0,3185,0,Plaques,1.0,0.0,561.375,751.6875,16.0,559.0,750.0,565.0,754.0
3185,0,3186,0,Plaques,1.0,0.0,813.0,750.25,4.0,812.0,750.0,815.0,752.0
3186,0,3187,0,Plaques,1.0,0.0,845.5,750.5,4.0,845.0,750.0,847.0,752.0
3187,0,3188,0,Plaques,1.0,0.0,1059.909,751.36365,11.0,1059.0,750.0,1062.0,754.0
3188,0,3189,0,Plaques,1.0,0.0,1212.2727,752.13635,22.0,1210.0,750.0,1215.0,755.0
3189,0,3190,0,Plaques,1.0,0.0,1296.5,751.5,12.0,1295.0,750.0,1299.0,754.0
3190,0,3191,0,Plaques,1.0,0.0,1571.6666,751.6667,12.0,1570.0,750.0,1574.0,754.0
3191,0,3192,0,Plaques,1.0,0.0,374.33334,751.6667,3.0,374.0,751.0,376.0,753.0
3192,0,3193,0,Plaques,1.0,0.0,716.5,752.5,4.0,716.0,752.0,718.0,754.0
3193,0,3194,0,Plaques,1.0,0.0,742.3333,752.3333,3.0,742.0,752.0,744.0,754.0
3194,0,3195,0,Plaques,1.0,0.0,1018.0,752.25,4.0,1017.0,752.0,1020.0,754.0
3195,0,3196,0,Plaques,1.0,0.0,1095.5,752.5,4.0,1095.0,752.0,1097.0,754.0
3196,0,3197,0,Plaques,1.0,0.0,1256.125,753.125,8.0,1255.0,752.0,1258.0,755.0
3197,0,3198,0,Plaques,1.0,0.0,1691.5,752.5,4.0,1691.0,752.0,1693.0,754.0
3198,0,3199,0,Plaques,1.0,0.0,542.4,754.73334,15.0,541.0,753.0,545.0,758.0
3199,0,3200,0,Plaques,1.0,0.0,554.0,756.0,23.0,552.0,753.0,557.0,760.0
3200,0,3201,0,Plaques,1.0,0.0,683.0,753.75,4.0,682.0,753.0,685.0,755.0
3201,0,3202,0,Plaques,1.0,0.0,1035.5,753.5,4.0,1035.0,753.0,1037.0,755.0
3202,0,3203,0,Plaques,1.0,0.0,1279.6666,753.3333,3.0,1279.0,753.0,1281.0,755.0
3203,0,3204,0,Plaques,1.0,0.0,1530.5,753.5,4.0,1530.0,753.0,1532.0,755.0
3204,0,3205,0,Plaques,1.0,0.0,1560.5,753.5,4.0,1560.0,753.0,1562.0,755.0
3205,0,3206,0,Plaques,1.0,0.0,1665.1493,758.3134,67.0,1661.0,753.0,1670.0,767.0
3206,0,3207,0,Plaques,1.0,0.0,378.75,755.0,4.0,378.0,754.0,380.0,757.0
3207,0,3208,0,Plaques,1.0,0.0,397.0,754.5,6.0,396.0,754.0,399.0,756.0
3208,0,3209,0,Plaques,1.0,0.0,785.5,755.0,6.0,785.0,754.0,787.0,757.0
3209,0,3210,0,Plaques,1.0,0.0,799.6667,754.3333,3.0,799.0,754.0,801.0,756.0
3210,0,3211,0,Plaques,1.0,0.0,869.3571,756.1429,14.0,868.0,754.0,872.0,759.0
3211,0,3212,0,Plaques,1.0,0.0,941.125,754.875,8.0,940.0,754.0,943.0,757.0
3212,0,3213,0,Plaques,1.0,0.0,994.5,754.5,4.0,994.0,754.0,996.0,756.0
3213,0,3214,0,Plaques,1.0,0.0,1099.0,754.7143,7.0,1098.0,754.0,1101.0,757.0
3214,0,3215,0,Plaques,1.0,0.0,1310.5,758.2174,46.0,1303.0,754.0,1321.0,762.0
3215,0,3216,0,Plaques,1.0,0.0,1598.125,755.125,8.0,1597.0,754.0,1600.0,757.0
3216,0,3217,0,Plaques,1.0,0.0,1697.5,754.5,4.0,1697.0,754.0,1699.0,756.0
3217,0,3218,0,Plaques,1.0,0.0,349.33334,756.73334,15.0,347.0,755.0,352.0,759.0
3218,0,3219,0,Plaques,1.0,0.0,522.0,756.0,9.0,521.0,755.0,524.0,758.0
3219,0,3220,0,Plaques,1.0,0.0,566.8182,756.7727,22.0,564.0,755.0,570.0,760.0
3220,0,3221,0,Plaques,1.0,0.0,621.0526,757.0,19.0,619.0,755.0,625.0,760.0
3221,0,3222,0,Plaques,1.0,0.0,1191.2,755.4,5.0,1190.0,755.0,1193.0,757.0
3222,0,3223,0,Plaques,1.0,0.0,1283.3572,757.2857,14.0,1281.0,755.0,1287.0,760.0
3223,0,3224,0,Plaques,1.0,0.0,1611.1765,756.8823,17.0,1609.0,755.0,1614.0,760.0
3224,0,3225,0,Plaques,1.0,0.0,1673.909,756.63635,11.0,1673.0,755.0,1676.0,759.0
3225,0,3226,0,Plaques,1.0,0.0,183.0,757.0,9.0,182.0,756.0,185.0,759.0
3226,0,3227,0,Plaques,1.0,0.0,1140.3334,756.6667,3.0,1140.0,756.0,1142.0,758.0
3227,0,3228,0,Plaques,1.0,0.0,1296.7391,759.34784,23.0,1295.0,756.0,1299.0,765.0
3228,0,3229,0,Plaques,1.0,0.0,1589.3556,760.7222,90.0,1582.0,756.0,1600.0,767.0
3229,0,3230,0,Plaques,1.0,0.0,1619.5,757.0,6.0,1619.0,756.0,1621.0,759.0
3230,0,3231,0,Plaques,1.0,0.0,1628.75,758.75,20.0,1626.0,756.0,1633.0,762.0
3231,0,3232,0,Plaques,1.0,0.0,161.5,757.5,4.0,161.0,757.0,163.0,759.0
3232,0,3233,0,Plaques,1.0,0.0,366.16666,758.1667,6.0,365.0,757.0,368.0,760.0
3233,0,3234,0,Plaques,1.0,0.0,949.3333,758.3333,9.0,948.0,757.0,952.0,761.0
3234,0,3235,0,Plaques,1.0,0.0,961.0,757.7143,7.0,960.0,757.0,963.0,760.0
3235,0,3236,0,Plaques,1.0,0.0,1083.9872,761.8205,78.0,1077.0,757.0,1092.0,768.0
3236,0,3237,0,Plaques,1.0,0.0,1150.2858,758.1429,7.0,1149.0,757.0,1152.0,760.0
3237,0,3238,0,Plaques,1.0,0.0,1602.7142,758.0,7.0,1602.0,757.0,1605.0,760.0
3238,0,3239,0,Plaques,1.0,0.0,798.2857,759.0,7.0,797.0,758.0,800.0,761.0
3239,0,3240,0,Plaques,1.0,0.0,939.5,758.5,4.0,939.0,758.0,941.0,760.0
3240,0,3241,0,Plaques,1.0,0.0,986.95,759.9,20.0,985.0,758.0,990.0,763.0
3241,0,3242,0,Plaques,1.0,0.0,1214.0358,761.1071,56.0,1208.0,758.0,1221.0,765.0
3242,0,3243,0,Plaques,1.0,0.0,1258.1578,759.8421,19.0,1256.0,758.0,1261.0,763.0
3243,0,3244,0,Plaques,1.0,0.0,1527.1428,759.0714,14.0,1525.0,758.0,1530.0,761.0
3244,0,3245,0,Plaques,1.0,0.0,548.8889,760.6667,9.0,548.0,759.0,551.0,763.0
3245,0,3246,0,Plaques,1.0,0.0,560.5,760.0,8.0,559.0,759.0,563.0,762.0
3246,0,3247,0,Plaques,1.0,0.0,675.875,761.0625,16.0,674.0,759.0,679.0,764.0
3247,0,3248,0,Plaques,1.0,0.0,779.7143,760.0,7.0,779.0,759.0,782.0,762.0
3248,0,3249,0,Plaques,1.0,0.0,1027.3334,759.3333,3.0,1027.0,759.0,1029.0,761.0
3249,0,3250,0,Plaques,1.0,0.0,1098.6586,764.87805,41.0,1096.0,759.0,1103.0,771.0
3250,0,3251,0,Plaques,1.0,0.0,1577.0,761.46155,26.0,1574.0,759.0,1580.0,766.0
3251,0,3252,0,Plaques,1.0,0.0,353.45456,761.1818,11.0,352.0,760.0,356.0,764.0
3252,0,3253,0,Plaques,1.0,0.0,409.33334,760.3333,3.0,409.0,760.0,411.0,762.0
3253,0,3254,0,Plaques,1.0,0.0,993.8333,761.1667,6.0,993.0,760.0,996.0,763.0
3254,0,3255,0,Plaques,1.0,0.0,1046.8334,761.1667,6.0,1046.0,760.0,1049.0,763.0
3255,0,3256,0,Plaques,1.0,0.0,1196.6842,766.193,57.0,1194.0,760.0,1201.0,773.0
3256,0,3257,0,Plaques,1.0,0.0,1517.5,760.5,4.0,1517.0,760.0,1519.0,762.0
3257,0,3258,0,Plaques,1.0,0.0,1652.0,761.0,9.0,1651.0,760.0,1654.0,763.0
3258,0,3259,0,Plaques,1.0,0.0,216.6,761.8,5.0,216.0,761.0,218.0,764.0
3259,0,3260,0,Plaques,1.0,0.0,610.2,762.0,10.0,609.0,761.0,613.0,764.0
3260,0,3261,0,Plaques,1.0,0.0,1001.0,762.2857,7.0,1000.0,761.0,1003.0,764.0
3261,0,3262,0,Plaques,1.0,0.0,1276.5,762.5,12.0,1275.0,761.0,1279.0,765.0
3262,0,3263,0,Plaques,1.0,0.0,1302.5,761.5,4.0,1302.0,761.0,1304.0,763.0
3263,0,3264,0,Plaques,1.0,0.0,1490.0,761.5,4.0,1489.0,761.0,1492.0,763.0
3264,0,3265,0,Plaques,1.0,0.0,1546.1875,763.0625,32.0,1542.0,761.0,1551.0,767.0
3265,0,3266,0,Plaques,1.0,0.0,1703.5,761.5,4.0,1703.0,761.0,1705.0,763.0
3266,0,3267,0,Plaques,1.0,0.0,975.5,762.5,4.0,975.0,762.0,977.0,764.0
3267,0,3268,0,Plaques,1.0,0.0,1073.875,763.125,8.0,1073.0,762.0,1076.0,765.0
3268,0,3269,0,Plaques,1.0,0.0,1284.5714,762.8571,14.0,1282.0,762.0,1288.0,765.0
3269,0,3270,0,Plaques,1.0,0.0,1360.3334,762.6667,3.0,1360.0,762.0,1362.0,764.0
3270,0,3271,0,Plaques,1.0,0.0,1531.0,762.5,6.0,1530.0,762.0,1533.0,764.0
3271,0,3272,0,Plaques,1.0,0.0,1608.0,762.7143,7.0,1607.0,762.0,1610.0,765.0
3272,0,3273,0,Plaques,1.0,0.0,390.2857,764.0,7.0,389.0,763.0,392.0,766.0
3273,0,3274,0,Plaques,1.0,0.0,535.7143,764.0,7.0,535.0,763.0,538.0,766.0
3274,0,3275,0,Plaques,1.0,0.0,956.6667,763.6667,3.0,956.0,763.0,958.0,765.0
3275,0,3276,0,Plaques,1.0,0.0,1380.6666,763.6667,3.0,1380.0,763.0,1382.0,765.0
3276,0,3277,0,Plaques,1.0,0.0,144.0,765.5,12.0,143.0,764.0,146.0,768.0
3277,0,3278,0,Plaques,1.0,0.0,164.5,764.5,4.0,164.0,764.0,166.0,766.0
3278,0,3279,0,Plaques,1.0,0.0,522.125,764.875,8.0,521.0,764.0,524.0,767.0
3279,0,3280,0,Plaques,1.0,0.0,1536.9333,765.73334,15.0,1535.0,764.0,1540.0,768.0
3280,0,3281,0,Plaques,1.0,0.0,1658.3125,766.375,16.0,1656.0,764.0,1662.0,769.0
3281,0,3282,0,Plaques,1.0,0.0,171.42857,766.2857,7.0,171.0,765.0,173.0,769.0
3282,0,3283,0,Plaques,1.0,0.0,928.0,765.5,6.0,927.0,765.0,930.0,767.0
3283,0,3284,0,Plaques,1.0,0.0,1016.0,765.7143,7.0,1015.0,765.0,1018.0,768.0
3284,0,3285,0,Plaques,1.0,0.0,1039.6666,765.6667,3.0,1039.0,765.0,1041.0,767.0
3285,0,3286,0,Plaques,1.0,0.0,1186.0,767.35297,17.0,1184.0,765.0,1189.0,770.0
3286,0,3287,0,Plaques,1.0,0.0,1315.1818,766.36365,11.0,1314.0,765.0,1318.0,769.0
3287,0,3288,0,Plaques,1.0,0.0,1617.5,765.5,4.0,1617.0,765.0,1619.0,767.0
3288,0,3289,0,Plaques,1.0,0.0,1625.8182,768.57574,33.0,1622.0,765.0,1631.0,773.0
3289,0,3290,0,Plaques,1.0,0.0,1633.0,765.5,6.0,1632.0,765.0,1635.0,767.0
3290,0,3291,0,Plaques,1.0,0.0,352.14285,769.6429,28.0,349.0,766.0,356.0,773.0
3291,0,3292,0,Plaques,1.0,0.0,806.1667,767.1667,6.0,805.0,766.0,808.0,769.0
3292,0,3293,0,Plaques,1.0,0.0,1089.44,769.16,25.0,1087.0,766.0,1094.0,773.0
3293,0,3294,0,Plaques,1.0,0.0,1205.2609,770.13043,46.0,1202.0,766.0,1210.0,775.0
3294,0,3295,0,Plaques,1.0,0.0,1300.8,767.2,5.0,1300.0,766.0,1303.0,769.0
3295,0,3296,0,Plaques,1.0,0.0,1611.1666,766.8333,6.0,1610.0,766.0,1613.0,769.0
3296,0,3297,0,Plaques,1.0,0.0,384.0,768.0,9.0,383.0,767.0,386.0,770.0
3297,0,3298,0,Plaques,1.0,0.0,515.125,768.125,8.0,514.0,767.0,517.0,770.0
3298,0,3299,0,Plaques,1.0,0.0,826.3333,767.6667,3.0,826.0,767.0,828.0,769.0
3299,0,3300,0,Plaques,1.0,0.0,973.125,767.875,8.0,972.0,767.0,975.0,770.0
3300,0,3301,0,Plaques,1.0,0.0,978.3333,767.3333,3.0,978.0,767.0,980.0,769.0
3301,0,3302,0,Plaques,1.0,0.0,1011.5,767.5,4.0,1011.0,767.0,1013.0,769.0
3302,0,3303,0,Plaques,1.0,0.0,1055.875,768.125,8.0,1055.0,767.0,1058.0,770.0
3303,0,3304,0,Plaques,1.0,0.0,1167.6333,769.36664,30.0,1165.0,767.0,1171.0,773.0
3304,0,3305,0,Plaques,1.0,0.0,1413.5,768.0,6.0,1413.0,767.0,1415.0,770.0
3305,0,3306,0,Plaques,1.0,0.0,1569.0,769.7778,27.0,1566.0,767.0,1573.0,774.0
3306,0,3307,0,Plaques,1.0,0.0,1674.875,767.875,8.0,1674.0,767.0,1677.0,770.0
3307,0,3308,0,Plaques,1.0,0.0,212.5,768.5,4.0,212.0,768.0,214.0,770.0
3308,0,3309,0,Plaques,1.0,0.0,255.66667,768.3333,3.0,255.0,768.0,257.0,770.0
3309,0,3310,0,Plaques,1.0,0.0,534.5,769.5,16.0,532.0,768.0,538.0,772.0
3310,0,3311,0,Plaques,1.0,0.0,940.7143,769.0,7.0,940.0,768.0,943.0,771.0
3311,0,3312,0,Plaques,1.0,0.0,990.0,769.2857,7.0,989.0,768.0,992.0,771.0
3312,0,3313,0,Plaques,1.0,0.0,1002.5,768.5,4.0,1002.0,768.0,1004.0,770.0
3313,0,3314,0,Plaques,1.0,0.0,1496.1666,768.8333,6.0,1495.0,768.0,1498.0,771.0
3314,0,3315,0,Plaques,1.0,0.0,1556.6483,774.87915,91.0,1550.0,768.0,1564.0,785.0
3315,0,3316,0,Plaques,1.0,0.0,1644.037,770.8889,27.0,1639.0,768.0,1649.0,775.0
3316,0,3317,0,Plaques,1.0,0.0,1651.8334,768.8333,6.0,1651.0,768.0,1654.0,771.0
3317,0,3318,0,Plaques,1.0,0.0,1719.4,768.8,5.0,1719.0,768.0,1721.0,771.0
3318,0,3319,0,Plaques,1.0,0.0,561.5,770.5,14.0,560.0,769.0,564.0,773.0
3319,0,3320,0,Plaques,1.0,0.0,861.3333,769.3333,3.0,861.0,769.0,863.0,771.0
3320,0,3321,0,Plaques,1.0,0.0,1218.6,769.8,5.0,1218.0,769.0,1220.0,772.0
3321,0,3322,0,Plaques,1.0,0.0,1543.4286,771.1905,21.0,1541.0,769.0,1547.0,774.0
3322,0,3323,0,Plaques,1.0,0.0,1588.1,770.2,10.0,1587.0,769.0,1590.0,773.0
3323,0,3324,0,Plaques,1.0,0.0,1595.3334,771.94446,18.0,1593.0,769.0,1598.0,776.0
3324,0,3325,0,Plaques,1.0,0.0,1706.0,769.5,6.0,1705.0,769.0,1708.0,771.0
3325,0,3326,0,Plaques,1.0,0.0,234.875,771.125,8.0,234.0,770.0,237.0,773.0
3326,0,3327,0,Plaques,1.0,0.0,389.6,771.2,5.0,389.0,770.0,391.0,773.0
3327,0,3328,0,Plaques,1.0,0.0,401.0,770.5,6.0,400.0,770.0,403.0,772.0
3328,0,3329,0,Plaques,1.0,0.0,700.6667,770.3333,3.0,700.0,770.0,702.0,772.0
3329,0,3330,0,Plaques,1.0,0.0,708.8333,770.8333,6.0,708.0,770.0,711.0,773.0
3330,0,3331,0,Plaques,1.0,0.0,1029.125,770.875,8.0,1028.0,770.0,1031.0,773.0
3331,0,3332,0,Plaques,1.0,0.0,1068.5,771.0,6.0,1068.0,770.0,1070.0,773.0
3332,0,3333,0,Plaques,1.0,0.0,1075.0769,773.8205,39.0,1072.0,770.0,1079.0,779.0
3333,0,3334,0,Plaques,1.0,0.0,1303.6666,770.3333,3.0,1303.0,770.0,1305.0,772.0
3334,0,3335,0,Plaques,1.0,0.0,1601.8182,771.1818,11.0,1600.0,770.0,1604.0,774.0
3335,0,3336,0,Plaques,1.0,0.0,1658.0,771.2857,7.0,1657.0,770.0,1660.0,773.0
3336,0,3337,0,Plaques,1.0,0.0,138.5,771.5,4.0,138.0,771.0,140.0,773.0
3337,0,3338,0,Plaques,1.0,0.0,217.42857,772.2857,7.0,217.0,771.0,219.0,775.0
3338,0,3339,0,Plaques,1.0,0.0,557.97296,778.87836,74.0,554.0,771.0,564.0,786.0
3339,0,3340,0,Plaques,1.0,0.0,808.4,771.8,5.0,808.0,771.0,810.0,774.0
3340,0,3341,0,Plaques,1.0,0.0,966.875,771.875,8.0,966.0,771.0,969.0,774.0
3341,0,3342,0,Plaques,1.0,0.0,1095.75,772.625,16.0,1094.0,771.0,1099.0,776.0
3342,0,3343,0,Plaques,1.0,0.0,1633.3334,771.3333,3.0,1633.0,771.0,1635.0,773.0
3343,0,3344,0,Plaques,1.0,0.0,246.66667,772.3333,3.0,246.0,772.0,248.0,774.0
3344,0,3345,0,Plaques,1.0,0.0,538.5,772.5,4.0,538.0,772.0,540.0,774.0
3345,0,3346,0,Plaques,1.0,0.0,546.4783,774.13043,23.0,542.0,772.0,552.0,777.0
3346,0,3347,0,Plaques,1.0,0.0,568.5,772.5,4.0,568.0,772.0,570.0,774.0
3347,0,3348,0,Plaques,1.0,0.0,655.875,772.875,8.0,655.0,772.0,658.0,775.0
3348,0,3349,0,Plaques,1.0,0.0,662.5,772.5,4.0,662.0,772.0,664.0,774.0
3349,0,3350,0,Plaques,1.0,0.0,949.3333,772.6667,3.0,949.0,772.0,951.0,774.0
3350,0,3351,0,Plaques,1.0,0.0,982.5,773.0,6.0,982.0,772.0,984.0,775.0
3351,0,3352,0,Plaques,1.0,0.0,1159.5,773.0,10.0,1158.0,772.0,1162.0,775.0
3352,0,3353,0,Plaques,1.0,0.0,130.5,773.5,4.0,130.0,773.0,132.0,775.0
3353,0,3354,0,Plaques,1.0,0.0,164.0,774.0,5.0,163.0,773.0,166.0,776.0
3354,0,3355,0,Plaques,1.0,0.0,170.57143,773.7143,7.0,169.0,773.0,173.0,776.0
3355,0,3356,0,Plaques,1.0,0.0,333.0,774.2857,7.0,332.0,773.0,335.0,776.0
3356,0,3357,0,Plaques,1.0,0.0,641.5,773.5,4.0,641.0,773.0,643.0,775.0
3357,0,3358,0,Plaques,1.0,0.0,734.0,774.5,18.0,732.0,773.0,737.0,777.0
3358,0,3359,0,Plaques,1.0,0.0,1221.6666,775.75,12.0,1220.0,773.0,1224.0,779.0
3359,0,3360,0,Plaques,1.0,0.0,1412.8334,774.1667,6.0,1412.0,773.0,1415.0,776.0
3360,0,3361,0,Plaques,1.0,0.0,1534.0,774.5909,22.0,1532.0,773.0,1538.0,778.0
3361,0,3362,0,Plaques,1.0,0.0,1669.2858,774.0,7.0,1668.0,773.0,1671.0,776.0
3362,0,3363,0,Plaques,1.0,0.0,394.5,774.5,4.0,394.0,774.0,396.0,776.0
3363,0,3364,0,Plaques,1.0,0.0,672.2,774.6,5.0,671.0,774.0,674.0,776.0
3364,0,3365,0,Plaques,1.0,0.0,879.0,774.5,4.0,878.0,774.0,881.0,776.0
3365,0,3366,0,Plaques,1.0,0.0,986.5,774.5,4.0,986.0,774.0,988.0,776.0
3366,0,3367,0,Plaques,1.0,0.0,998.4,774.8,5.0,998.0,774.0,1000.0,777.0
3367,0,3368,0,Plaques,1.0,0.0,1038.5,774.5,4.0,1038.0,774.0,1040.0,776.0
3368,0,3369,0,Plaques,1.0,0.0,1307.5,775.5,8.0,1306.0,774.0,1310.0,778.0
3369,0,3370,0,Plaques,1.0,0.0,1590.5,774.5,4.0,1590.0,774.0,1592.0,776.0
3370,0,3371,0,Plaques,1.0,0.0,1663.4546,775.63635,11.0,1662.0,774.0,1666.0,778.0
3371,0,3372,0,Plaques,1.0,0.0,137.33333,775.3333,3.0,137.0,775.0,139.0,777.0
3372,0,3373,0,Plaques,1.0,0.0,650.8333,776.1667,6.0,650.0,775.0,653.0,778.0
3373,0,3374,0,Plaques,1.0,0.0,822.34283,779.3571,70.0,817.0,775.0,828.0,785.0
3374,0,3375,0,Plaques,1.0,0.0,978.5,775.5,4.0,978.0,775.0,980.0,777.0
3375,0,3376,0,Plaques,1.0,0.0,1105.75,776.0,4.0,1105.0,775.0,1107.0,778.0
3376,0,3377,0,Plaques,1.0,0.0,1574.5,775.5,8.0,1573.0,775.0,1577.0,777.0
3377,0,3378,0,Plaques,1.0,0.0,1677.5,775.5,4.0,1677.0,775.0,1679.0,777.0
3378,0,3379,0,Plaques,1.0,0.0,1726.5,775.5,4.0,1726.0,775.0,1728.0,777.0
3379,0,3380,0,Plaques,1.0,0.0,1100.5,776.5,4.0,1100.0,776.0,1102.0,778.0
3380,0,3381,0,Plaques,1.0,0.0,1598.875,777.6875,16.0,1597.0,776.0,1602.0,781.0
3381,0,3382,0,Plaques,1.0,0.0,215.0,777.5,6.0,214.0,777.0,217.0,779.0
3382,0,3383,0,Plaques,1.0,0.0,776.125,778.125,8.0,775.0,777.0,778.0,780.0
3383,0,3384,0,Plaques,1.0,0.0,793.53845,778.1539,13.0,792.0,777.0,796.0,781.0
3384,0,3385,0,Plaques,1.0,0.0,1060.0,777.5,6.0,1059.0,777.0,1062.0,779.0
3385,0,3386,0,Plaques,1.0,0.0,1545.8928,779.0714,28.0,1543.0,777.0,1550.0,782.0
3386,0,3387,0,Plaques,1.0,0.0,1632.3334,778.25,12.0,1631.0,777.0,1635.0,781.0
3387,0,3388,0,Plaques,1.0,0.0,1641.6154,778.61536,13.0,1640.0,777.0,1644.0,781.0
3388,0,3389,0,Plaques,1.0,0.0,1672.6666,777.6667,3.0,1672.0,777.0,1674.0,779.0
3389,0,3390,0,Plaques,1.0,0.0,130.5,779.0,6.0,130.0,778.0,132.0,781.0
3390,0,3391,0,Plaques,1.0,0.0,327.0,779.0,5.0,326.0,778.0,329.0,781.0
3391,0,3392,0,Plaques,1.0,0.0,503.5,778.5,4.0,503.0,778.0,505.0,780.0
3392,0,3393,0,Plaques,1.0,0.0,538.3333,779.25,12.0,537.0,778.0,541.0,782.0
3393,0,3394,0,Plaques,1.0,0.0,726.5,779.0,4.0,726.0,778.0,728.0,781.0
3394,0,3395,0,Plaques,1.0,0.0,809.0,779.0,9.0,808.0,778.0,811.0,781.0
3395,0,3396,0,Plaques,1.0,0.0,872.5,778.5,4.0,872.0,778.0,874.0,780.0
3396,0,3397,0,Plaques,1.0,0.0,1084.8572,779.7143,21.0,1081.0,778.0,1090.0,783.0
3397,0,3398,0,Plaques,1.0,0.0,1148.0,778.5,6.0,1147.0,778.0,1150.0,780.0
3398,0,3399,0,Plaques,1.0,0.0,1167.2307,780.5,26.0,1165.0,778.0,1171.0,784.0
3399,0,3400,0,Plaques,1.0,0.0,1607.4706,779.7647,17.0,1605.0,778.0,1610.0,783.0
3400,0,3401,0,Plaques,1.0,0.0,1622.0,778.7143,7.0,1621.0,778.0,1624.0,781.0
3401,0,3402,0,Plaques,1.0,0.0,321.0,780.0,5.0,320.0,779.0,323.0,782.0
3402,0,3403,0,Plaques,1.0,0.0,550.7143,780.0,7.0,550.0,779.0,553.0,782.0
3403,0,3404,0,Plaques,1.0,0.0,1072.091,780.36365,11.0,1071.0,779.0,1074.0,783.0
3404,0,3405,0,Plaques,1.0,0.0,1537.8334,780.1667,6.0,1537.0,779.0,1540.0,782.0
3405,0,3406,0,Plaques,1.0,0.0,1567.0,779.5,6.0,1566.0,779.0,1569.0,781.0
3406,0,3407,0,Plaques,1.0,0.0,1653.0,780.0,3.0,1653.0,779.0,1654.0,782.0
3407,0,3408,0,Plaques,1.0,0.0,1677.5,779.5,4.0,1677.0,779.0,1679.0,781.0
3408,0,3409,0,Plaques,1.0,0.0,167.0,780.7143,7.0,166.0,780.0,169.0,783.0
3409,0,3410,0,Plaques,1.0,0.0,383.2,780.4,5.0,382.0,780.0,385.0,782.0
3410,0,3411,0,Plaques,1.0,0.0,953.5,781.0,6.0,953.0,780.0,955.0,783.0
3411,0,3412,0,Plaques,1.0,0.0,982.4,781.2,5.0,982.0,780.0,984.0,783.0
3412,0,3413,0,Plaques,1.0,0.0,1180.875,780.875,8.0,1180.0,780.0,1183.0,783.0
3413,0,3414,0,Plaques,1.0,0.0,1306.3334,780.6667,3.0,1306.0,780.0,1308.0,782.0
3414,0,3415,0,Plaques,1.0,0.0,1626.75,781.0,4.0,1626.0,780.0,1628.0,783.0
3415,0,3416,0,Plaques,1.0,0.0,1646.875,781.125,8.0,1646.0,780.0,1649.0,783.0
3416,0,3417,0,Plaques,1.0,0.0,119.6,782.2,5.0,119.0,781.0,121.0,784.0
3417,0,3418,0,Plaques,1.0,0.0,242.5,782.0,6.0,242.0,781.0,244.0,784.0
3418,0,3419,0,Plaques,1.0,0.0,368.66666,781.3333,3.0,368.0,781.0,370.0,783.0
3419,0,3420,0,Plaques,1.0,0.0,544.5,785.0238,42.0,541.0,781.0,548.0,789.0
3420,0,3421,0,Plaques,1.0,0.0,737.5,782.2857,14.0,736.0,781.0,740.0,785.0
3421,0,3422,0,Plaques,1.0,0.0,767.3333,781.6667,3.0,767.0,781.0,769.0,783.0
3422,0,3423,0,Plaques,1.0,0.0,938.63635,782.0909,11.0,937.0,781.0,941.0,784.0
3423,0,3424,0,Plaques,1.0,0.0,1099.4,782.6,15.0,1098.0,781.0,1102.0,785.0
3424,0,3425,0,Plaques,1.0,0.0,1591.2,782.5,10.0,1590.0,781.0,1593.0,785.0
3425,0,3426,0,Plaques,1.0,0.0,1660.6666,782.4667,15.0,1659.0,781.0,1664.0,785.0
3426,0,3427,0,Plaques,1.0,0.0,633.3333,782.6667,3.0,633.0,782.0,635.0,784.0
3427,0,3428,0,Plaques,1.0,0.0,990.5,782.5,4.0,990.0,782.0,992.0,784.0
3428,0,3429,0,Plaques,1.0,0.0,997.2,782.6,5.0,996.0,782.0,999.0,784.0
3429,0,3430,0,Plaques,1.0,0.0,1061.5,783.0,6.0,1061.0,782.0,1063.0,785.0
3430,0,3431,0,Plaques,1.0,0.0,1092.1111,784.8889,27.0,1089.0,782.0,1096.0,789.0
3431,0,3432,0,Plaques,1.0,0.0,1105.0,782.5,6.0,1104.0,782.0,1107.0,784.0
3432,0,3433,0,Plaques,1.0,0.0,1154.5,782.5,4.0,1154.0,782.0,1156.0,784.0
3433,0,3434,0,Plaques,1.0,0.0,1250.875,783.8125,16.0,1248.0,782.0,1254.0,786.0
3434,0,3435,0,Plaques,1.0,0.0,1573.5,782.5,4.0,1573.0,782.0,1575.0,784.0
3435,0,3436,0,Plaques,1.0,0.0,1578.2142,783.5,14.0,1576.0,782.0,1581.0,786.0
3436,0,3437,0,Plaques,1.0,0.0,1666.1111,783.6667,9.0,1665.0,782.0,1668.0,786.0
3437,0,3438,0,Plaques,1.0,0.0,1682.0,782.7143,7.0,1681.0,782.0,1684.0,785.0
3438,0,3439,0,Plaques,1.0,0.0,1708.5,782.5,4.0,1708.0,782.0,1710.0,784.0
3439,0,3440,0,Plaques,1.0,0.0,522.1667,783.8333,6.0,521.0,783.0,524.0,786.0
3440,0,3441,0,Plaques,1.0,0.0,976.0,783.5,6.0,975.0,783.0,978.0,785.0
3441,0,3442,0,Plaques,1.0,0.0,1226.6,784.4,5.0,1226.0,783.0,1228.0,787.0
3442,0,3443,0,Plaques,1.0,0.0,1258.0,783.75,4.0,1257.0,783.0,1260.0,785.0
3443,0,3444,0,Plaques,1.0,0.0,1552.091,784.36365,11.0,1551.0,783.0,1554.0,787.0
3444,0,3445,0,Plaques,1.0,0.0,1598.7179,787.0513,39.0,1595.0,783.0,1603.0,791.0
3445,0,3446,0,Plaques,1.0,0.0,1633.0,784.5,10.0,1632.0,783.0,1635.0,787.0
3446,0,3447,0,Plaques,1.0,0.0,1703.0,784.0,5.0,1702.0,783.0,1705.0,786.0
3447,0,3448,0,Plaques,1.0,0.0,236.38461,785.61536,13.0,234.0,784.0,240.0,788.0
3448,0,3449,0,Plaques,1.0,0.0,1083.3334,786.5,18.0,1081.0,784.0,1087.0,790.0
3449,0,3450,0,Plaques,1.0,0.0,1568.9556,789.75555,45.0,1566.0,784.0,1573.0,796.0
3450,0,3451,0,Plaques,1.0,0.0,1585.2,784.4,5.0,1584.0,784.0,1587.0,786.0
3451,0,3452,0,Plaques,1.0,0.0,826.5,785.5,4.0,826.0,785.0,828.0,787.0
3452,0,3453,0,Plaques,1.0,0.0,965.2,786.1,10.0,964.0,785.0,968.0,788.0
3453,0,3454,0,Plaques,1.0,0.0,1102.6666,785.3333,3.0,1102.0,785.0,1104.0,787.0
3454,0,3455,0,Plaques,1.0,0.0,1199.7273,787.1818,11.0,1199.0,785.0,1202.0,791.0
3455,0,3456,0,Plaques,1.0,0.0,1610.8462,787.38464,13.0,1610.0,785.0,1613.0,791.0
3456,0,3457,0,Plaques,1.0,0.0,316.83334,786.8333,6.0,316.0,786.0,319.0,789.0
3457,0,3458,0,Plaques,1.0,0.0,379.5,786.5,4.0,379.0,786.0,381.0,788.0
3458,0,3459,0,Plaques,1.0,0.0,633.5,786.5,4.0,633.0,786.0,635.0,788.0
3459,0,3460,0,Plaques,1.0,0.0,732.5,786.5,4.0,732.0,786.0,734.0,788.0
3460,0,3461,0,Plaques,1.0,0.0,100.875,788.125,8.0,100.0,787.0,103.0,790.0
3461,0,3462,0,Plaques,1.0,0.0,527.34784,789.13043,23.0,525.0,787.0,530.0,793.0
3462,0,3463,0,Plaques,1.0,0.0,712.5,787.5,4.0,712.0,787.0,714.0,789.0
3463,0,3464,0,Plaques,1.0,0.0,749.5,788.0,6.0,749.0,787.0,751.0,790.0
3464,0,3465,0,Plaques,1.0,0.0,917.5,787.5,4.0,917.0,787.0,919.0,789.0
3465,0,3466,0,Plaques,1.0,0.0,927.2,787.4,5.0,926.0,787.0,929.0,789.0
3466,0,3467,0,Plaques,1.0,0.0,941.0,788.0,9.0,940.0,787.0,943.0,790.0
3467,0,3468,0,Plaques,1.0,0.0,995.125,787.875,8.0,994.0,787.0,997.0,790.0
3468,0,3469,0,Plaques,1.0,0.0,1001.5,788.125,8.0,1000.0,787.0,1004.0,790.0
3469,0,3470,0,Plaques,1.0,0.0,1237.5,788.0,8.0,1236.0,787.0,1240.0,790.0
3470,0,3471,0,Plaques,1.0,0.0,1605.5,788.0,8.0,1604.0,787.0,1608.0,790.0
3471,0,3472,0,Plaques,1.0,0.0,1623.0,787.7143,7.0,1622.0,787.0,1625.0,790.0
3472,0,3473,0,Plaques,1.0,0.0,1722.8334,788.1667,6.0,1722.0,787.0,1725.0,790.0
3473,0,3474,0,Plaques,1.0,0.0,249.33333,788.3333,3.0,249.0,788.0,251.0,790.0
3474,0,3475,0,Plaques,1.0,0.0,321.5,788.5,4.0,321.0,788.0,323.0,790.0
3475,0,3476,0,Plaques,1.0,0.0,766.4,789.2,5.0,766.0,788.0,768.0,791.0
3476,0,3477,0,Plaques,1.0,0.0,888.2,788.6,5.0,887.0,788.0,890.0,790.0
3477,0,3478,0,Plaques,1.0,0.0,1073.5,788.8,10.0,1072.0,788.0,1076.0,791.0
3478,0,3479,0,Plaques,1.0,0.0,1106.8572,790.0,14.0,1105.0,788.0,1109.0,793.0
3479,0,3480,0,Plaques,1.0,0.0,1136.8,789.0,10.0,1135.0,788.0,1139.0,791.0
3480,0,3481,0,Plaques,1.0,0.0,1550.1666,788.8333,6.0,1549.0,788.0,1552.0,791.0
3481,0,3482,0,Plaques,1.0,0.0,1714.3334,788.6667,3.0,1714.0,788.0,1716.0,790.0
3482,0,3483,0,Plaques,1.0,0.0,339.7143,790.0,7.0,339.0,789.0,342.0,792.0
3483,0,3484,0,Plaques,1.0,0.0,498.66666,789.6667,3.0,498.0,789.0,500.0,791.0
3484,0,3485,0,Plaques,1.0,0.0,555.375,790.25,8.0,554.0,789.0,557.0,793.0
3485,0,3486,0,Plaques,1.0,0.0,1037.5,789.5,4.0,1037.0,789.0,1039.0,791.0
3486,0,3487,0,Plaques,1.0,0.0,1233.2,789.6,5.0,1232.0,789.0,1235.0,791.0
3487,0,3488,0,Plaques,1.0,0.0,1586.5,790.0,6.0,1586.0,789.0,1588.0,792.0
3488,0,3489,0,Plaques,1.0,0.0,214.70589,791.41174,17.0,213.0,790.0,218.0,794.0
3489,0,3490,0,Plaques,1.0,0.0,306.5,791.0,6.0,306.0,790.0,308.0,793.0
3490,0,3491,0,Plaques,1.0,0.0,643.5,790.5,4.0,643.0,790.0,645.0,792.0
3491,0,3492,0,Plaques,1.0,0.0,788.0,791.2857,7.0,787.0,790.0,790.0,793.0
3492,0,3493,0,Plaques,1.0,0.0,800.0,790.5,6.0,799.0,790.0,802.0,792.0
3493,0,3494,0,Plaques,1.0,0.0,1022.125,790.875,8.0,1021.0,790.0,1024.0,793.0
3494,0,3495,0,Plaques,1.0,0.0,1067.125,790.875,8.0,1066.0,790.0,1069.0,793.0
3495,0,3496,0,Plaques,1.0,0.0,1096.0,790.25,4.0,1095.0,790.0,1098.0,792.0
3496,0,3497,0,Plaques,1.0,0.0,1158.0,791.2,10.0,1157.0,790.0,1160.0,794.0
3497,0,3498,0,Plaques,1.0,0.0,1617.5,791.0,8.0,1616.0,790.0,1620.0,793.0
3498,0,3499,0,Plaques,1.0,0.0,1625.0,791.0,9.0,1623.0,790.0,1628.0,793.0
3499,0,3500,0,Plaques,1.0,0.0,1698.6666,790.6667,3.0,1698.0,790.0,1700.0,792.0
3500,0,3501,0,Plaques,1.0,0.0,96.875,792.125,8.0,96.0,791.0,99.0,794.0
3501,0,3502,0,Plaques,1.0,0.0,241.6,792.6,10.0,240.0,791.0,244.0,795.0
3502,0,3503,0,Plaques,1.0,0.0,254.16667,792.1667,6.0,253.0,791.0,256.0,794.0
3503,0,3504,0,Plaques,1.0,0.0,331.0,792.5,8.0,330.0,791.0,333.0,795.0
3504,0,3505,0,Plaques,1.0,0.0,623.05,793.85,20.0,621.0,791.0,626.0,797.0
3505,0,3506,0,Plaques,1.0,0.0,863.125,792.125,8.0,862.0,791.0,865.0,794.0
3506,0,3507,0,Plaques,1.0,0.0,957.0,791.5,6.0,956.0,791.0,959.0,793.0
3507,0,3508,0,Plaques,1.0,0.0,1083.4166,794.55554,36.0,1078.0,791.0,1088.0,800.0
3508,0,3509,0,Plaques,1.0,0.0,545.0,792.5,6.0,544.0,792.0,547.0,794.0
3509,0,3510,0,Plaques,1.0,0.0,736.0,793.0,9.0,735.0,792.0,738.0,795.0
3510,0,3511,0,Plaques,1.0,0.0,910.4,793.2,5.0,910.0,792.0,912.0,795.0
3511,0,3512,0,Plaques,1.0,0.0,1555.7142,793.0,7.0,1555.0,792.0,1558.0,795.0
3512,0,3513,0,Plaques,1.0,0.0,1661.5,794.5,12.0,1661.0,792.0,1663.0,798.0
3513,0,3514,0,Plaques,1.0,0.0,88.411766,795.1177,17.0,87.0,793.0,91.0,798.0
3514,0,3515,0,Plaques,1.0,0.0,220.2,793.4,5.0,219.0,793.0,222.0,795.0
3515,0,3516,0,Plaques,1.0,0.0,349.6154,794.38464,13.0,348.0,793.0,352.0,797.0
3516,0,3517,0,Plaques,1.0,0.0,484.84616,794.7692,13.0,484.0,793.0,487.0,798.0
3517,0,3518,0,Plaques,1.0,0.0,602.8,793.4,5.0,602.0,793.0,605.0,795.0
3518,0,3519,0,Plaques,1.0,0.0,743.2857,794.0,7.0,742.0,793.0,745.0,796.0
3519,0,3520,0,Plaques,1.0,0.0,1165.1765,794.94116,17.0,1163.0,793.0,1169.0,797.0
3520,0,3521,0,Plaques,1.0,0.0,1673.0,795.0,13.0,1672.0,793.0,1675.0,798.0
3521,0,3522,0,Plaques,1.0,0.0,363.5,794.5,4.0,363.0,794.0,365.0,796.0
3522,0,3523,0,Plaques,1.0,0.0,518.5,794.5,4.0,518.0,794.0,520.0,796.0
3523,0,3524,0,Plaques,1.0,0.0,611.3333,794.3333,3.0,611.0,794.0,613.0,796.0
3524,0,3525,0,Plaques,1.0,0.0,703.4,794.8,5.0,703.0,794.0,705.0,797.0
3525,0,3526,0,Plaques,1.0,0.0,952.25,795.0,4.0,952.0,794.0,954.0,797.0
3526,0,3527,0,Plaques,1.0,0.0,1632.0,794.5,6.0,1631.0,794.0,1634.0,796.0
3527,0,3528,0,Plaques,1.0,0.0,1720.0,795.0,5.0,1719.0,794.0,1722.0,797.0
3528,0,3529,0,Plaques,1.0,0.0,526.93335,796.73334,15.0,525.0,795.0,530.0,799.0
3529,0,3530,0,Plaques,1.0,0.0,682.5,796.7143,14.0,681.0,795.0,685.0,799.0
3530,0,3531,0,Plaques,1.0,0.0,855.6,796.2,5.0,855.0,795.0,857.0,798.0
3531,0,3532,0,Plaques,1.0,0.0,1069.8889,796.6667,9.0,1069.0,795.0,1072.0,799.0
3532,0,3533,0,Plaques,1.0,0.0,1091.6154,796.61536,13.0,1090.0,795.0,1094.0,799.0
3533,0,3534,0,Plaques,1.0,0.0,320.25,798.375,16.0,318.0,796.0,323.0,801.0
3534,0,3535,0,Plaques,1.0,0.0,330.0,796.25,4.0,329.0,796.0,332.0,798.0
3535,0,3536,0,Plaques,1.0,0.0,860.0,797.0,5.0,859.0,796.0,862.0,799.0
3536,0,3537,0,Plaques,1.0,0.0,1019.1667,796.8333,6.0,1018.0,796.0,1021.0,799.0
3537,0,3538,0,Plaques,1.0,0.0,1155.1111,797.6667,9.0,1154.0,796.0,1157.0,800.0
3538,0,3539,0,Plaques,1.0,0.0,1547.0,796.8461,13.0,1545.0,796.0,1550.0,799.0
3539,0,3540,0,Plaques,1.0,0.0,1611.5,796.5,4.0,1611.0,796.0,1613.0,798.0
3540,0,3541,0,Plaques,1.0,0.0,960.8,797.4,5.0,960.0,797.0,963.0,799.0
3541,0,3542,0,Plaques,1.0,0.0,983.8,797.4,5.0,983.0,797.0,986.0,799.0
3542,0,3543,0,Plaques,1.0,0.0,1005.5,798.0,6.0,1005.0,797.0,1007.0,800.0
3543,0,3544,0,Plaques,1.0,0.0,1027.7142,798.0,7.0,1027.0,797.0,1030.0,800.0
3544,0,3545,0,Plaques,1.0,0.0,1050.5,797.5,4.0,1050.0,797.0,1052.0,799.0
3545,0,3546,0,Plaques,1.0,0.0,1057.5,797.5,4.0,1057.0,797.0,1059.0,799.0
3546,0,3547,0,Plaques,1.0,0.0,1642.5,797.5,4.0,1642.0,797.0,1644.0,799.0
3547,0,3548,0,Plaques,1.0,0.0,80.0,798.5,4.0,79.0,798.0,82.0,800.0
3548,0,3549,0,Plaques,1.0,0.0,141.0,798.5,6.0,140.0,798.0,143.0,800.0
3549,0,3550,0,Plaques,1.0,0.0,246.5,798.5,4.0,246.0,798.0,248.0,800.0
3550,0,3551,0,Plaques,1.0,0.0,306.75,799.0,4.0,306.0,798.0,308.0,801.0
3551,0,3552,0,Plaques,1.0,0.0,374.0,799.5,8.0,373.0,798.0,376.0,802.0
3552,0,3553,0,Plaques,1.0,0.0,533.5,798.5,4.0,533.0,798.0,535.0,800.0
3553,0,3554,0,Plaques,1.0,0.0,775.5,798.5,4.0,775.0,798.0,777.0,800.0
3554,0,3555,0,Plaques,1.0,0.0,1100.75,799.375,8.0,1100.0,798.0,1103.0,802.0
3555,0,3556,0,Plaques,1.0,0.0,1148.1428,803.25714,35.0,1142.0,798.0,1155.0,809.0
3556,0,3557,0,Plaques,1.0,0.0,1553.8334,798.8333,6.0,1553.0,798.0,1556.0,801.0
3557,0,3558,0,Plaques,1.0,0.0,225.78572,800.3571,14.0,224.0,799.0,229.0,803.0
3558,0,3559,0,Plaques,1.0,0.0,251.11111,800.3333,9.0,250.0,799.0,253.0,803.0
3559,0,3560,0,Plaques,1.0,0.0,643.0,799.5,6.0,642.0,799.0,645.0,801.0
3560,0,3561,0,Plaques,1.0,0.0,943.02856,804.6,35.0,940.0,799.0,947.0,809.0
3561,0,3562,0,Plaques,1.0,0.0,1082.0,800.0,9.0,1081.0,799.0,1084.0,802.0
3562,0,3563,0,Plaques,1.0,0.0,1652.5,799.5,4.0,1652.0,799.0,1654.0,801.0
3563,0,3564,0,Plaques,1.0,0.0,1669.8889,800.3333,9.0,1669.0,799.0,1672.0,803.0
3564,0,3565,0,Plaques,1.0,0.0,1697.2858,800.0,7.0,1696.0,799.0,1699.0,802.0
3565,0,3566,0,Plaques,1.0,0.0,205.2,800.4,5.0,204.0,800.0,207.0,802.0
3566,0,3567,0,Plaques,1.0,0.0,217.3158,802.2632,19.0,216.0,800.0,220.0,806.0
3567,0,3568,0,Plaques,1.0,0.0,472.45456,801.8182,11.0,471.0,800.0,475.0,804.0
3568,0,3569,0,Plaques,1.0,0.0,624.5,801.0,6.0,624.0,800.0,626.0,803.0
3569,0,3570,0,Plaques,1.0,0.0,1061.875,801.125,8.0,1061.0,800.0,1064.0,803.0
3570,0,3571,0,Plaques,1.0,0.0,1162.0,801.0,7.0,1161.0,800.0,1164.0,803.0
3571,0,3572,0,Plaques,1.0,0.0,1224.0,800.5,6.0,1223.0,800.0,1226.0,802.0
3572,0,3573,0,Plaques,1.0,0.0,1635.5,800.5,4.0,1635.0,800.0,1637.0,802.0
3573,0,3574,0,Plaques,1.0,0.0,1677.5,800.5,4.0,1677.0,800.0,1679.0,802.0
3574,0,3575,0,Plaques,1.0,0.0,142.125,802.125,8.0,141.0,801.0,144.0,804.0
3575,0,3576,0,Plaques,1.0,0.0,322.8,801.6,5.0,322.0,801.0,325.0,803.0
3576,0,3577,0,Plaques,1.0,0.0,335.1316,804.9474,38.0,332.0,801.0,339.0,809.0
3577,0,3578,0,Plaques,1.0,0.0,349.0909,802.63635,11.0,348.0,801.0,351.0,805.0
3578,0,3579,0,Plaques,1.0,0.0,512.1667,801.8333,6.0,511.0,801.0,514.0,804.0
3579,0,3580,0,Plaques,1.0,0.0,609.2857,802.0,7.0,608.0,801.0,611.0,804.0
3580,0,3581,0,Plaques,1.0,0.0,893.6667,801.3333,3.0,893.0,801.0,895.0,803.0
3581,0,3582,0,Plaques,1.0,0.0,952.2857,802.0,7.0,951.0,801.0,954.0,804.0
3582,0,3583,0,Plaques,1.0,0.0,1108.4445,802.3333,9.0,1107.0,801.0,1111.0,805.0
3583,0,3584,0,Plaques,1.0,0.0,1592.2222,802.3333,9.0,1591.0,801.0,1594.0,805.0
3584,0,3585,0,Plaques,1.0,0.0,1598.8889,802.3333,9.0,1598.0,801.0,1601.0,805.0
3585,0,3586,0,Plaques,1.0,0.0,242.07143,804.1429,14.0,240.0,802.0,245.0,807.0
3586,0,3587,0,Plaques,1.0,0.0,327.0,803.0,9.0,326.0,802.0,329.0,805.0
3587,0,3588,0,Plaques,1.0,0.0,489.66666,802.3333,3.0,489.0,802.0,491.0,804.0
3588,0,3589,0,Plaques,1.0,0.0,522.5,802.5,4.0,522.0,802.0,524.0,804.0
3589,0,3590,0,Plaques,1.0,0.0,92.5,803.5,4.0,92.0,803.0,94.0,805.0
3590,0,3591,0,Plaques,1.0,0.0,916.0,803.7143,7.0,915.0,803.0,918.0,806.0
3591,0,3592,0,Plaques,1.0,0.0,1608.875,804.125,8.0,1608.0,803.0,1611.0,806.0
3592,0,3593,0,Plaques,1.0,0.0,358.5,805.0,6.0,358.0,804.0,360.0,807.0
3593,0,3594,0,Plaques,1.0,0.0,625.3019,806.4151,53.0,618.0,804.0,632.0,811.0
3594,0,3595,0,Plaques,1.0,0.0,772.4,804.8,5.0,772.0,804.0,774.0,807.0
3595,0,3596,0,Plaques,1.0,0.0,905.0,804.5,6.0,904.0,804.0,907.0,806.0
3596,0,3597,0,Plaques,1.0,0.0,995.0,804.7143,7.0,994.0,804.0,997.0,807.0
3597,0,3598,0,Plaques,1.0,0.0,1015.875,804.875,8.0,1015.0,804.0,1018.0,807.0
3598,0,3599,0,Plaques,1.0,0.0,1069.1111,805.3333,9.0,1068.0,804.0,1071.0,808.0
3599,0,3600,0,Plaques,1.0,0.0,1162.4396,816.6923,91.0,1160.0,804.0,1166.0,833.0
3600,0,3601,0,Plaques,1.0,0.0,1665.0,805.2857,7.0,1664.0,804.0,1667.0,807.0
3601,0,3602,0,Plaques,1.0,0.0,316.33334,805.6667,3.0,316.0,805.0,318.0,807.0
3602,0,3603,0,Plaques,1.0,0.0,341.91666,808.5833,24.0,340.0,805.0,345.0,812.0
3603,0,3604,0,Plaques,1.0,0.0,1060.2,806.5,10.0,1059.0,805.0,1062.0,809.0
3604,0,3605,0,Plaques,1.0,0.0,1594.5,805.5,4.0,1594.0,805.0,1596.0,807.0
3605,0,3606,0,Plaques,1.0,0.0,103.5,807.0,6.0,103.0,806.0,105.0,809.0
3606,0,3607,0,Plaques,1.0,0.0,352.125,806.875,8.0,351.0,806.0,354.0,809.0
3607,0,3608,0,Plaques,1.0,0.0,640.0,806.5,6.0,639.0,806.0,642.0,808.0
3608,0,3609,0,Plaques,1.0,0.0,893.1667,806.8333,6.0,892.0,806.0,895.0,809.0
3609,0,3610,0,Plaques,1.0,0.0,922.5,806.5,4.0,922.0,806.0,924.0,808.0
3610,0,3611,0,Plaques,1.0,0.0,135.5,807.5,4.0,135.0,807.0,137.0,809.0
3611,0,3612,0,Plaques,1.0,0.0,472.5,807.5,4.0,472.0,807.0,474.0,809.0
3612,0,3613,0,Plaques,1.0,0.0,599.125,809.125,8.0,598.0,808.0,601.0,811.0
3613,0,3614,0,Plaques,1.0,0.0,979.5,809.0,6.0,979.0,808.0,981.0,811.0
3614,0,3615,0,Plaques,1.0,0.0,1049.5,809.0,8.0,1048.0,808.0,1052.0,811.0
3615,0,3616,0,Plaques,1.0,0.0,1085.9584,811.4167,24.0,1084.0,808.0,1090.0,816.0
3616,0,3617,0,Plaques,1.0,0.0,1100.0,808.5,6.0,1099.0,808.0,1102.0,810.0
3617,0,3618,0,Plaques,1.0,0.0,800.0,810.2,10.0,799.0,809.0,802.0,813.0
3618,0,3619,0,Plaques,1.0,0.0,896.1667,809.8333,6.0,895.0,809.0,898.0,812.0
3619,0,3620,0,Plaques,1.0,0.0,956.85,811.3,20.0,955.0,809.0,960.0,815.0
3620,0,3621,0,Plaques,1.0,0.0,1093.7,809.9,10.0,1092.0,809.0,1097.0,812.0
3621,0,3622,0,Plaques,1.0,0.0,1545.5,809.5,4.0,1545.0,809.0,1547.0,811.0
3622,0,3623,0,Plaques,1.0,0.0,1617.5,809.5,4.0,1617.0,809.0,1619.0,811.0
3623,0,3624,0,Plaques,1.0,0.0,131.0,810.25,4.0,130.0,810.0,133.0,812.0
3624,0,3625,0,Plaques,1.0,0.0,475.5,810.5,4.0,475.0,810.0,477.0,812.0
3625,0,3626,0,Plaques,1.0,0.0,504.875,810.875,8.0,504.0,810.0,507.0,813.0
3626,0,3627,0,Plaques,1.0,0.0,710.0,811.0,9.0,709.0,810.0,712.0,813.0
3627,0,3628,0,Plaques,1.0,0.0,986.63635,811.0909,11.0,985.0,810.0,989.0,813.0
3628,0,3629,0,Plaques,1.0,0.0,1009.0,811.8,10.0,1008.0,810.0,1011.0,814.0
3629,0,3630,0,Plaques,1.0,0.0,1636.5,811.0,6.0,1636.0,810.0,1638.0,813.0
3630,0,3631,0,Plaques,1.0,0.0,1691.1666,810.8333,6.0,1690.0,810.0,1693.0,813.0
3631,0,3632,0,Plaques,1.0,0.0,89.38461,812.38464,13.0,88.0,811.0,92.0,815.0
3632,0,3633,0,Plaques,1.0,0.0,497.7143,812.0,7.0,497.0,811.0,500.0,814.0
3633,0,3634,0,Plaques,1.0,0.0,747.5,811.5,4.0,747.0,811.0,749.0,813.0
3634,0,3635,0,Plaques,1.0,0.0,785.05884,814.2941,17.0,784.0,811.0,788.0,818.0
3635,0,3636,0,Plaques,1.0,0.0,824.5,812.0,6.0,824.0,811.0,826.0,814.0
3636,0,3637,0,Plaques,1.0,0.0,871.5,811.5,4.0,871.0,811.0,873.0,813.0
3637,0,3638,0,Plaques,1.0,0.0,928.0,811.0,3.0,927.0,811.0,930.0,812.0
3638,0,3639,0,Plaques,1.0,0.0,937.0909,814.7879,33.0,934.0,811.0,941.0,819.0
3639,0,3640,0,Plaques,1.0,0.0,1043.3636,812.0909,11.0,1042.0,811.0,1046.0,814.0
3640,0,3641,0,Plaques,1.0,0.0,1066.25,813.25,20.0,1064.0,811.0,1069.0,816.0
3641,0,3642,0,Plaques,1.0,0.0,1099.9949,824.89795,196.0,1089.0,811.0,1110.0,838.0
3642,0,3643,0,Plaques,1.0,0.0,1110.0,812.2857,7.0,1109.0,811.0,1112.0,814.0
3643,0,3644,0,Plaques,1.0,0.0,1575.0,811.25,4.0,1574.0,811.0,1577.0,813.0
3644,0,3645,0,Plaques,1.0,0.0,1663.6,811.8,5.0,1663.0,811.0,1665.0,814.0
3645,0,3646,0,Plaques,1.0,0.0,1669.5,811.5,4.0,1669.0,811.0,1671.0,813.0
3646,0,3647,0,Plaques,1.0,0.0,202.88889,813.44446,9.0,202.0,812.0,205.0,816.0
3647,0,3648,0,Plaques,1.0,0.0,600.5,813.5,6.0,600.0,812.0,602.0,816.0
3648,0,3649,0,Plaques,1.0,0.0,853.0,812.25,4.0,852.0,812.0,855.0,814.0
3649,0,3650,0,Plaques,1.0,0.0,906.0,813.0,5.0,905.0,812.0,908.0,815.0
3650,0,3651,0,Plaques,1.0,0.0,999.5,813.0,6.0,999.0,812.0,1001.0,815.0
3651,0,3652,0,Plaques,1.0,0.0,1021.0,812.7143,7.0,1020.0,812.0,1023.0,815.0
3652,0,3653,0,Plaques,1.0,0.0,211.0,814.0,9.0,210.0,813.0,213.0,816.0
3653,0,3654,0,Plaques,1.0,0.0,595.0,814.0,5.0,594.0,813.0,597.0,816.0
3654,0,3655,0,Plaques,1.0,0.0,950.1177,815.82355,17.0,948.0,813.0,953.0,819.0
3655,0,3656,0,Plaques,1.0,0.0,139.5,815.5,14.0,138.0,814.0,142.0,818.0
3656,0,3657,0,Plaques,1.0,0.0,453.8,815.0,10.0,452.0,814.0,456.0,817.0
3657,0,3658,0,Plaques,1.0,0.0,468.6,815.85,20.0,465.0,814.0,473.0,819.0
3658,0,3659,0,Plaques,1.0,0.0,770.125,814.875,8.0,769.0,814.0,772.0,817.0
3659,0,3660,0,Plaques,1.0,0.0,1060.0,814.5,6.0,1059.0,814.0,1062.0,816.0
3660,0,3661,0,Plaques,1.0,0.0,1630.5,815.0,6.0,1630.0,814.0,1632.0,817.0
3661,0,3662,0,Plaques,1.0,0.0,1667.3334,814.6667,3.0,1667.0,814.0,1669.0,816.0
3662,0,3663,0,Plaques,1.0,0.0,647.6087,816.95654,23.0,645.0,815.0,651.0,820.0
3663,0,3664,0,Plaques,1.0,0.0,882.5,815.5,4.0,882.0,815.0,884.0,817.0
3664,0,3665,0,Plaques,1.0,0.0,891.8333,815.8333,6.0,891.0,815.0,894.0,818.0
3665,0,3666,0,Plaques,1.0,0.0,1501.3334,815.3333,3.0,1501.0,815.0,1503.0,817.0
3666,0,3667,0,Plaques,1.0,0.0,1549.5,816.3333,12.0,1548.0,815.0,1552.0,819.0
3667,0,3668,0,Plaques,1.0,0.0,237.0,816.7143,7.0,236.0,816.0,239.0,819.0
3668,0,3669,0,Plaques,1.0,0.0,799.8,816.6,5.0,799.0,816.0,802.0,818.0
3669,0,3670,0,Plaques,1.0,0.0,865.8333,816.8333,6.0,865.0,816.0,868.0,819.0
3670,0,3671,0,Plaques,1.0,0.0,1052.0,817.0,5.0,1051.0,816.0,1054.0,819.0
3671,0,3672,0,Plaques,1.0,0.0,1619.0,817.2857,7.0,1618.0,816.0,1621.0,819.0
3672,0,3673,0,Plaques,1.0,0.0,80.15385,818.0769,13.0,78.0,817.0,83.0,821.0
3673,0,3674,0,Plaques,1.0,0.0,230.66667,817.8889,9.0,229.0,817.0,233.0,820.0
3674,0,3675,0,Plaques,1.0,0.0,522.3333,817.6667,3.0,522.0,817.0,524.0,819.0
3675,0,3676,0,Plaques,1.0,0.0,735.5,817.5,4.0,735.0,817.0,737.0,819.0
3676,0,3677,0,Plaques,1.0,0.0,1008.5,817.5,4.0,1008.0,817.0,1010.0,819.0
3677,0,3678,0,Plaques,1.0,0.0,1149.3334,818.75,12.0,1148.0,817.0,1152.0,821.0
3678,0,3679,0,Plaques,1.0,0.0,1610.875,817.875,8.0,1610.0,817.0,1613.0,820.0
3679,0,3680,0,Plaques,1.0,0.0,131.0,818.25,4.0,130.0,818.0,133.0,820.0
3680,0,3681,0,Plaques,1.0,0.0,493.875,819.125,8.0,493.0,818.0,496.0,821.0
3681,0,3682,0,Plaques,1.0,0.0,922.5,820.0,16.0,921.0,818.0,925.0,823.0
3682,0,3683,0,Plaques,1.0,0.0,1074.3334,818.8889,9.0,1073.0,818.0,1077.0,821.0
3683,0,3684,0,Plaques,1.0,0.0,1079.6154,819.61536,13.0,1078.0,818.0,1082.0,822.0
3684,0,3685,0,Plaques,1.0,0.0,1154.2222,819.55554,9.0,1153.0,818.0,1157.0,822.0
3685,0,3686,0,Plaques,1.0,0.0,1605.5,819.0,6.0,1605.0,818.0,1607.0,821.0
3686,0,3687,0,Plaques,1.0,0.0,1677.0,818.7143,7.0,1676.0,818.0,1679.0,821.0
3687,0,3688,0,Plaques,1.0,0.0,517.125,820.125,8.0,516.0,819.0,519.0,822.0
3688,0,3689,0,Plaques,1.0,0.0,791.4805,823.1169,77.0,784.0,819.0,799.0,828.0
3689,0,3690,0,Plaques,1.0,0.0,965.875,820.125,8.0,965.0,819.0,968.0,822.0
3690,0,3691,0,Plaques,1.0,0.0,1023.5,819.5,4.0,1023.0,819.0,1025.0,821.0
3691,0,3692,0,Plaques,1.0,0.0,1142.909,820.63635,11.0,1142.0,819.0,1145.0,823.0
3692,0,3693,0,Plaques,1.0,0.0,928.2941,821.58826,17.0,926.0,820.0,931.0,824.0
3693,0,3694,0,Plaques,1.0,0.0,996.0714,821.8571,14.0,995.0,820.0,998.0,825.0
3694,0,3695,0,Plaques,1.0,0.0,1006.5,821.0,6.0,1006.0,820.0,1008.0,823.0
3695,0,3696,0,Plaques,1.0,0.0,1018.0,820.75,4.0,1017.0,820.0,1020.0,822.0
3696,0,3697,0,Plaques,1.0,0.0,1059.1111,821.3333,9.0,1058.0,820.0,1061.0,824.0
3697,0,3698,0,Plaques,1.0,0.0,751.5,821.5,4.0,751.0,821.0,753.0,823.0
3698,0,3699,0,Plaques,1.0,0.0,951.5,821.5,4.0,951.0,821.0,953.0,823.0
3699,0,3700,0,Plaques,1.0,0.0,956.6667,821.3333,3.0,956.0,821.0,958.0,823.0
3700,0,3701,0,Plaques,1.0,0.0,985.0,822.2857,7.0,984.0,821.0,987.0,824.0
3701,0,3702,0,Plaques,1.0,0.0,1599.5,821.5,4.0,1599.0,821.0,1601.0,823.0
3702,0,3703,0,Plaques,1.0,0.0,1641.125,822.125,8.0,1640.0,821.0,1643.0,824.0
3703,0,3704,0,Plaques,1.0,0.0,681.3333,822.3333,3.0,681.0,822.0,683.0,824.0
3704,0,3705,0,Plaques,1.0,0.0,1625.3334,822.6667,3.0,1625.0,822.0,1627.0,824.0
3705,0,3706,0,Plaques,1.0,0.0,435.0,824.0,11.0,433.0,823.0,438.0,826.0
3706,0,3707,0,Plaques,1.0,0.0,816.5,824.0,6.0,816.0,823.0,818.0,826.0
3707,0,3708,0,Plaques,1.0,0.0,914.45715,825.82855,35.0,909.0,823.0,921.0,829.0
3708,0,3709,0,Plaques,1.0,0.0,1073.0,823.5,6.0,1072.0,823.0,1075.0,825.0
3709,0,3710,0,Plaques,1.0,0.0,135.5,824.5,4.0,135.0,824.0,137.0,826.0
3710,0,3711,0,Plaques,1.0,0.0,585.875,824.875,8.0,585.0,824.0,588.0,827.0
3711,0,3712,0,Plaques,1.0,0.0,880.3333,824.6667,3.0,880.0,824.0,882.0,826.0
3712,0,3713,0,Plaques,1.0,0.0,1029.75,825.0,4.0,1029.0,824.0,1031.0,827.0
3713,0,3714,0,Plaques,1.0,0.0,1067.5,824.5,4.0,1067.0,824.0,1069.0,826.0
3714,0,3715,0,Plaques,1.0,0.0,1545.125,825.125,8.0,1544.0,824.0,1547.0,827.0
3715,0,3716,0,Plaques,1.0,0.0,1556.1666,824.8333,6.0,1555.0,824.0,1558.0,827.0
3716,0,3717,0,Plaques,1.0,0.0,1590.7142,824.4286,7.0,1589.0,824.0,1593.0,826.0
3717,0,3718,0,Plaques,1.0,0.0,1680.6,824.8,5.0,1680.0,824.0,1682.0,827.0
3718,0,3719,0,Plaques,1.0,0.0,94.125,825.875,8.0,93.0,825.0,96.0,828.0
3719,0,3720,0,Plaques,1.0,0.0,839.0,826.0,9.0,838.0,825.0,841.0,828.0
3720,0,3721,0,Plaques,1.0,0.0,1006.6667,825.3333,3.0,1006.0,825.0,1008.0,827.0
3721,0,3722,0,Plaques,1.0,0.0,1660.875,826.125,8.0,1660.0,825.0,1663.0,828.0
3722,0,3723,0,Plaques,1.0,0.0,209.0,827.5,10.0,208.0,826.0,211.0,830.0
3723,0,3724,0,Plaques,1.0,0.0,764.125,826.875,8.0,763.0,826.0,766.0,829.0
3724,0,3725,0,Plaques,1.0,0.0,1083.5,827.3333,12.0,1082.0,826.0,1086.0,830.0
3725,0,3726,0,Plaques,1.0,0.0,1596.5,827.0,10.0,1595.0,826.0,1599.0,829.0
3726,0,3727,0,Plaques,1.0,0.0,118.0,828.2857,7.0,117.0,827.0,120.0,830.0
3727,0,3728,0,Plaques,1.0,0.0,440.5,827.5,4.0,440.0,827.0,442.0,829.0
3728,0,3729,0,Plaques,1.0,0.0,1000.5,827.5,4.0,1000.0,827.0,1002.0,829.0
3729,0,3730,0,Plaques,1.0,0.0,1016.2857,828.0,7.0,1015.0,827.0,1018.0,830.0
3730,0,3731,0,Plaques,1.0,0.0,1048.5,827.5,4.0,1048.0,827.0,1050.0,829.0
3731,0,3732,0,Plaques,1.0,0.0,1058.0,827.7143,7.0,1057.0,827.0,1060.0,830.0
3732,0,3733,0,Plaques,1.0,0.0,1531.3334,827.6667,3.0,1531.0,827.0,1533.0,829.0
3733,0,3734,0,Plaques,1.0,0.0,517.5,829.5,12.0,516.0,828.0,520.0,832.0
3734,0,3735,0,Plaques,1.0,0.0,648.5,828.5,4.0,648.0,828.0,650.0,830.0
3735,0,3736,0,Plaques,1.0,0.0,801.3333,828.6667,3.0,801.0,828.0,803.0,830.0
3736,0,3737,0,Plaques,1.0,0.0,805.5,828.5,4.0,805.0,828.0,807.0,830.0
3737,0,3738,0,Plaques,1.0,0.0,1036.5,828.5,4.0,1036.0,828.0,1038.0,830.0
3738,0,3739,0,Plaques,1.0,0.0,1071.5,830.0,16.0,1070.0,828.0,1074.0,833.0
3739,0,3740,0,Plaques,1.0,0.0,1618.4791,832.6042,48.0,1613.0,828.0,1625.0,838.0
3740,0,3741,0,Plaques,1.0,0.0,454.2857,830.0,7.0,453.0,829.0,456.0,832.0
3741,0,3742,0,Plaques,1.0,0.0,467.84616,831.2692,26.0,464.0,829.0,471.0,835.0
3742,0,3743,0,Plaques,1.0,0.0,1592.7778,830.8889,9.0,1592.0,829.0,1595.0,833.0
3743,0,3744,0,Plaques,1.0,0.0,1602.3334,829.6667,3.0,1602.0,829.0,1604.0,831.0
3744,0,3745,0,Plaques,1.0,0.0,489.6,830.8,5.0,489.0,830.0,491.0,833.0
3745,0,3746,0,Plaques,1.0,0.0,655.7143,831.5,14.0,654.0,830.0,658.0,834.0
3746,0,3747,0,Plaques,1.0,0.0,777.125,830.875,8.0,776.0,830.0,779.0,833.0
3747,0,3748,0,Plaques,1.0,0.0,947.2,831.0,10.0,946.0,830.0,950.0,833.0
3748,0,3749,0,Plaques,1.0,0.0,1627.0,831.0,9.0,1626.0,830.0,1629.0,833.0
3749,0,3750,0,Plaques,1.0,0.0,1697.6666,830.3333,3.0,1697.0,830.0,1699.0,832.0
3750,0,3751,0,Plaques,1.0,0.0,480.0,832.2857,7.0,479.0,831.0,482.0,834.0
3751,0,3752,0,Plaques,1.0,0.0,604.5,832.0,6.0,604.0,831.0,606.0,834.0
3752,0,3753,0,Plaques,1.0,0.0,886.5,831.5,4.0,886.0,831.0,888.0,833.0
3753,0,3754,0,Plaques,1.0,0.0,997.125,831.875,8.0,996.0,831.0,999.0,834.0
3754,0,3755,0,Plaques,1.0,0.0,1522.0,832.2857,7.0,1521.0,831.0,1524.0,834.0
3755,0,3756,0,Plaques,1.0,0.0,1658.125,831.875,8.0,1657.0,831.0,1660.0,834.0
3756,0,3757,0,Plaques,1.0,0.0,114.789474,834.3684,19.0,113.0,832.0,118.0,837.0
3757,0,3758,0,Plaques,1.0,0.0,765.1111,833.6667,9.0,764.0,832.0,767.0,836.0
3758,0,3759,0,Plaques,1.0,0.0,794.0,833.5,12.0,793.0,832.0,796.0,836.0
3759,0,3760,0,Plaques,1.0,0.0,918.1111,833.6667,9.0,917.0,832.0,920.0,836.0
3760,0,3761,0,Plaques,1.0,0.0,952.3333,832.6667,3.0,952.0,832.0,954.0,834.0
3761,0,3762,0,Plaques,1.0,0.0,1574.5,833.5,8.0,1574.0,832.0,1576.0,836.0
3762,0,3763,0,Plaques,1.0,0.0,1667.5,832.5,4.0,1667.0,832.0,1669.0,834.0
3763,0,3764,0,Plaques,1.0,0.0,612.6667,833.6667,3.0,612.0,833.0,614.0,835.0
3764,0,3765,0,Plaques,1.0,0.0,904.875,834.125,8.0,904.0,833.0,907.0,836.0
3765,0,3766,0,Plaques,1.0,0.0,981.875,834.125,8.0,981.0,833.0,984.0,836.0
3766,0,3767,0,Plaques,1.0,0.0,1133.5,833.5,4.0,1133.0,833.0,1135.0,835.0
3767,0,3768,0,Plaques,1.0,0.0,1158.3334,836.0,9.0,1158.0,833.0,1160.0,839.0
3768,0,3769,0,Plaques,1.0,0.0,1323.5,833.5,4.0,1323.0,833.0,1325.0,835.0
3769,0,3770,0,Plaques,1.0,0.0,121.28571,835.0,7.0,120.0,834.0,123.0,837.0
3770,0,3771,0,Plaques,1.0,0.0,126.5,834.5,4.0,126.0,834.0,128.0,836.0
3771,0,3772,0,Plaques,1.0,0.0,575.6667,834.8889,9.0,574.0,834.0,578.0,837.0
3772,0,3773,0,Plaques,1.0,0.0,922.6875,836.75,32.0,919.0,834.0,926.0,841.0
3773,0,3774,0,Plaques,1.0,0.0,937.0,834.7143,7.0,936.0,834.0,939.0,837.0
3774,0,3775,0,Plaques,1.0,0.0,993.6667,834.6667,3.0,993.0,834.0,995.0,836.0
3775,0,3776,0,Plaques,1.0,0.0,1045.5,834.5,4.0,1045.0,834.0,1047.0,836.0
3776,0,3777,0,Plaques,1.0,0.0,1059.0,835.5,16.0,1057.0,834.0,1062.0,838.0
3777,0,3778,0,Plaques,1.0,0.0,1082.091,835.36365,11.0,1080.0,834.0,1085.0,838.0
3778,0,3779,0,Plaques,1.0,0.0,456.5,835.5,4.0,456.0,835.0,458.0,837.0
3779,0,3780,0,Plaques,1.0,0.0,829.1111,836.44446,9.0,828.0,835.0,831.0,839.0
3780,0,3781,0,Plaques,1.0,0.0,941.5,835.5,4.0,941.0,835.0,943.0,837.0
3781,0,3782,0,Plaques,1.0,0.0,1095.491,839.9818,55.0,1090.0,835.0,1102.0,848.0
3782,0,3783,0,Plaques,1.0,0.0,694.7917,838.7917,24.0,692.0,836.0,698.0,842.0
3783,0,3784,0,Plaques,1.0,0.0,741.125,836.875,8.0,740.0,836.0,743.0,839.0
3784,0,3785,0,Plaques,1.0,0.0,907.8333,836.8333,6.0,907.0,836.0,910.0,839.0
3785,0,3786,0,Plaques,1.0,0.0,969.5,836.5,4.0,969.0,836.0,971.0,838.0
3786,0,3787,0,Plaques,1.0,0.0,1035.3334,838.3333,18.0,1033.0,836.0,1038.0,841.0
3787,0,3788,0,Plaques,1.0,0.0,1677.0,838.0,21.0,1675.0,836.0,1680.0,841.0
3788,0,3789,0,Plaques,1.0,0.0,435.75,838.0,4.0,435.0,837.0,437.0,840.0
3789,0,3790,0,Plaques,1.0,0.0,1003.8,838.0,10.0,1002.0,837.0,1006.0,840.0
3790,0,3791,0,Plaques,1.0,0.0,1570.5,837.5,4.0,1570.0,837.0,1572.0,839.0
3791,0,3792,0,Plaques,1.0,0.0,1671.5,838.0,6.0,1671.0,837.0,1673.0,840.0
3792,0,3793,0,Plaques,1.0,0.0,78.333336,839.1111,9.0,77.0,838.0,81.0,841.0
3793,0,3794,0,Plaques,1.0,0.0,626.3333,838.3333,3.0,626.0,838.0,628.0,840.0
3794,0,3795,0,Plaques,1.0,0.0,999.0,839.2857,7.0,998.0,838.0,1001.0,841.0
3795,0,3796,0,Plaques,1.0,0.0,1014.0,840.0,13.0,1013.0,838.0,1016.0,843.0
3796,0,3797,0,Plaques,1.0,0.0,1043.5264,839.5263,19.0,1041.0,838.0,1047.0,843.0
3797,0,3798,0,Plaques,1.0,0.0,93.5,842.0769,26.0,91.0,839.0,97.0,846.0
3798,0,3799,0,Plaques,1.0,0.0,594.5,839.5,4.0,594.0,839.0,596.0,841.0
3799,0,3800,0,Plaques,1.0,0.0,901.0,839.7143,7.0,900.0,839.0,903.0,842.0
3800,0,3801,0,Plaques,1.0,0.0,1585.0,840.0,7.0,1584.0,839.0,1587.0,842.0
3801,0,3802,0,Plaques,1.0,0.0,1592.6666,839.3333,3.0,1592.0,839.0,1594.0,841.0
3802,0,3803,0,Plaques,1.0,0.0,112.5,840.5,4.0,112.0,840.0,114.0,842.0
3803,0,3804,0,Plaques,1.0,0.0,600.1111,841.3333,9.0,599.0,840.0,602.0,844.0
3804,0,3805,0,Plaques,1.0,0.0,1082.875,840.875,8.0,1082.0,840.0,1085.0,843.0
3805,0,3806,0,Plaques,1.0,0.0,1543.3334,840.6667,3.0,1543.0,840.0,1545.0,842.0
3806,0,3807,0,Plaques,1.0,0.0,1620.6364,841.0909,11.0,1619.0,840.0,1623.0,843.0
3807,0,3808,0,Plaques,1.0,0.0,1626.6,840.8,5.0,1626.0,840.0,1628.0,843.0
3808,0,3809,0,Plaques,1.0,0.0,122.23077,844.61536,26.0,119.0,841.0,127.0,850.0
3809,0,3810,0,Plaques,1.0,0.0,476.81818,842.36365,11.0,475.0,841.0,479.0,845.0
3810,0,3811,0,Plaques,1.0,0.0,607.5,842.0,10.0,606.0,841.0,610.0,844.0
3811,0,3812,0,Plaques,1.0,0.0,664.25,842.0,4.0,664.0,841.0,666.0,844.0
3812,0,3813,0,Plaques,1.0,0.0,930.8461,842.7692,13.0,929.0,841.0,934.0,845.0
3813,0,3814,0,Plaques,1.0,0.0,1029.8889,842.3333,9.0,1029.0,841.0,1032.0,845.0
3814,0,3815,0,Plaques,1.0,0.0,1057.0,842.5,12.0,1056.0,841.0,1059.0,845.0
3815,0,3816,0,Plaques,1.0,0.0,1153.5,841.5,4.0,1153.0,841.0,1155.0,843.0
3816,0,3817,0,Plaques,1.0,0.0,449.25,843.0,4.0,449.0,842.0,451.0,845.0
3817,0,3818,0,Plaques,1.0,0.0,457.38635,844.9091,44.0,452.0,842.0,464.0,850.0
3818,0,3819,0,Plaques,1.0,0.0,469.5,843.0,10.0,468.0,842.0,472.0,845.0
3819,0,3820,0,Plaques,1.0,0.0,614.8,842.6,5.0,614.0,842.0,617.0,844.0
3820,0,3821,0,Plaques,1.0,0.0,764.5,843.0,4.0,764.0,842.0,766.0,845.0
3821,0,3822,0,Plaques,1.0,0.0,838.0,843.0,11.0,836.0,842.0,841.0,845.0
3822,0,3823,0,Plaques,1.0,0.0,908.875,842.875,8.0,908.0,842.0,911.0,845.0
3823,0,3824,0,Plaques,1.0,0.0,943.5,842.5,4.0,943.0,842.0,945.0,844.0
3824,0,3825,0,Plaques,1.0,0.0,1019.0571,845.11426,35.0,1015.0,842.0,1024.0,849.0
3825,0,3826,0,Plaques,1.0,0.0,1070.8334,843.0833,12.0,1069.0,842.0,1074.0,845.0
3826,0,3827,0,Plaques,1.0,0.0,590.44446,843.6667,9.0,589.0,843.0,593.0,846.0
3827,0,3828,0,Plaques,1.0,0.0,747.0,843.75,4.0,746.0,843.0,749.0,845.0
3828,0,3829,0,Plaques,1.0,0.0,852.2,843.4,5.0,851.0,843.0,854.0,845.0
3829,0,3830,0,Plaques,1.0,0.0,1692.1538,845.46155,26.0,1690.0,843.0,1695.0,849.0
3830,0,3831,0,Plaques,1.0,0.0,496.2,844.4,5.0,495.0,844.0,498.0,846.0
3831,0,3832,0,Plaques,1.0,0.0,831.8,844.6,5.0,831.0,844.0,834.0,846.0
3832,0,3833,0,Plaques,1.0,0.0,924.2,845.5,10.0,923.0,844.0,926.0,848.0
3833,0,3834,0,Plaques,1.0,0.0,1048.6666,846.7917,24.0,1046.0,844.0,1053.0,851.0
3834,0,3835,0,Plaques,1.0,0.0,1557.5,844.5,4.0,1557.0,844.0,1559.0,846.0
3835,0,3836,0,Plaques,1.0,0.0,1581.5,845.0,12.0,1580.0,844.0,1584.0,847.0
3836,0,3837,0,Plaques,1.0,0.0,1600.0,844.5,6.0,1599.0,844.0,1602.0,846.0
3837,0,3838,0,Plaques,1.0,0.0,1654.7,844.5,10.0,1652.0,844.0,1658.0,846.0
3838,0,3839,0,Plaques,1.0,0.0,441.0,847.0,13.0,440.0,845.0,443.0,850.0
3839,0,3840,0,Plaques,1.0,0.0,901.5,845.5,4.0,901.0,845.0,903.0,847.0
3840,0,3841,0,Plaques,1.0,0.0,917.7692,848.3461,26.0,915.0,845.0,922.0,853.0
3841,0,3842,0,Plaques,1.0,0.0,989.875,846.125,8.0,989.0,845.0,992.0,848.0
3842,0,3843,0,Plaques,1.0,0.0,1055.1333,848.06665,15.0,1054.0,845.0,1058.0,851.0
3843,0,3844,0,Plaques,1.0,0.0,1670.3334,846.0833,12.0,1669.0,845.0,1673.0,849.0
3844,0,3845,0,Plaques,1.0,0.0,129.5238,847.619,21.0,127.0,846.0,134.0,851.0
3845,0,3846,0,Plaques,1.0,0.0,561.5,846.5,4.0,561.0,846.0,563.0,848.0
3846,0,3847,0,Plaques,1.0,0.0,710.0833,848.1667,12.0,709.0,846.0,712.0,851.0
3847,0,3848,0,Plaques,1.0,0.0,1002.8889,847.3333,9.0,1002.0,846.0,1005.0,850.0
3848,0,3849,0,Plaques,1.0,0.0,1063.6666,847.0833,12.0,1062.0,846.0,1066.0,850.0
3849,0,3850,0,Plaques,1.0,0.0,1082.8889,849.1667,18.0,1081.0,846.0,1086.0,853.0
3850,0,3851,0,Plaques,1.0,0.0,1535.5,846.5,4.0,1535.0,846.0,1537.0,848.0
3851,0,3852,0,Plaques,1.0,0.0,571.6,848.2,5.0,571.0,847.0,573.0,850.0
3852,0,3853,0,Plaques,1.0,0.0,693.5,847.5,4.0,693.0,847.0,695.0,849.0
3853,0,3854,0,Plaques,1.0,0.0,949.5,847.5,4.0,949.0,847.0,951.0,849.0
3854,0,3855,0,Plaques,1.0,0.0,1040.5,848.5,8.0,1040.0,847.0,1042.0,851.0
3855,0,3856,0,Plaques,1.0,0.0,1101.5,847.5,4.0,1101.0,847.0,1103.0,849.0
3856,0,3857,0,Plaques,1.0,0.0,1326.75,848.0,4.0,1326.0,847.0,1328.0,850.0
3857,0,3858,0,Plaques,1.0,0.0,1574.9934,860.46356,151.0,1570.0,847.0,1583.0,874.0
3858,0,3859,0,Plaques,1.0,0.0,1619.4,847.8,5.0,1619.0,847.0,1621.0,850.0
3859,0,3860,0,Plaques,1.0,0.0,567.8889,849.44446,9.0,567.0,848.0,570.0,852.0
3860,0,3861,0,Plaques,1.0,0.0,642.5,849.2,10.0,641.0,848.0,645.0,851.0
3861,0,3862,0,Plaques,1.0,0.0,772.5,848.5,4.0,772.0,848.0,774.0,850.0
3862,0,3863,0,Plaques,1.0,0.0,896.1667,848.8333,6.0,895.0,848.0,898.0,851.0
3863,0,3864,0,Plaques,1.0,0.0,1680.875,848.875,8.0,1680.0,848.0,1683.0,851.0
3864,0,3865,0,Plaques,1.0,0.0,87.69231,851.0769,13.0,86.0,849.0,90.0,854.0
3865,0,3866,0,Plaques,1.0,0.0,592.0,849.5,6.0,591.0,849.0,594.0,851.0
3866,0,3867,0,Plaques,1.0,0.0,806.3333,849.3333,3.0,806.0,849.0,808.0,851.0
3867,0,3868,0,Plaques,1.0,0.0,1028.0889,853.5111,45.0,1025.0,849.0,1032.0,859.0
3868,0,3869,0,Plaques,1.0,0.0,1544.5,849.5,8.0,1543.0,849.0,1547.0,851.0
3869,0,3870,0,Plaques,1.0,0.0,1561.6,852.8,35.0,1559.0,849.0,1566.0,858.0
3870,0,3871,0,Plaques,1.0,0.0,94.916664,852.1667,12.0,94.0,850.0,97.0,855.0
3871,0,3872,0,Plaques,1.0,0.0,108.5,851.0,6.0,108.0,850.0,110.0,853.0
3872,0,3873,0,Plaques,1.0,0.0,582.125,851.125,8.0,581.0,850.0,584.0,853.0
3873,0,3874,0,Plaques,1.0,0.0,705.0,850.5,6.0,704.0,850.0,707.0,852.0
3874,0,3875,0,Plaques,1.0,0.0,992.5,850.5,4.0,992.0,850.0,994.0,852.0
3875,0,3876,0,Plaques,1.0,0.0,1582.2667,851.93335,15.0,1581.0,850.0,1585.0,855.0
3876,0,3877,0,Plaques,1.0,0.0,720.5,851.5,4.0,720.0,851.0,722.0,853.0
3877,0,3878,0,Plaques,1.0,0.0,82.68421,854.2632,19.0,81.0,852.0,86.0,857.0
3878,0,3879,0,Plaques,1.0,0.0,558.0,854.0,15.0,557.0,852.0,560.0,857.0
3879,0,3880,0,Plaques,1.0,0.0,647.2759,854.7241,29.0,645.0,852.0,651.0,858.0
3880,0,3881,0,Plaques,1.0,0.0,930.5,852.5,4.0,930.0,852.0,932.0,854.0
3881,0,3882,0,Plaques,1.0,0.0,1020.0909,853.36365,11.0,1019.0,852.0,1022.0,856.0
3882,0,3883,0,Plaques,1.0,0.0,1042.1506,856.38354,73.0,1035.0,852.0,1050.0,861.0
3883,0,3884,0,Plaques,1.0,0.0,99.0,853.7143,7.0,98.0,853.0,101.0,856.0
3884,0,3885,0,Plaques,1.0,0.0,130.28572,854.0,7.0,129.0,853.0,132.0,856.0
3885,0,3886,0,Plaques,1.0,0.0,603.4,853.8,5.0,603.0,853.0,605.0,856.0
3886,0,3887,0,Plaques,1.0,0.0,768.2,853.4,5.0,767.0,853.0,770.0,855.0
3887,0,3888,0,Plaques,1.0,0.0,845.5,853.5,4.0,845.0,853.0,847.0,855.0
3888,0,3889,0,Plaques,1.0,0.0,914.6667,853.3333,3.0,914.0,853.0,916.0,855.0
3889,0,3890,0,Plaques,1.0,0.0,112.09091,855.63635,11.0,111.0,854.0,114.0,858.0
3890,0,3891,0,Plaques,1.0,0.0,543.2,854.4,5.0,542.0,854.0,545.0,856.0
3891,0,3892,0,Plaques,1.0,0.0,573.0,855.5,14.0,571.0,854.0,576.0,858.0
3892,0,3893,0,Plaques,1.0,0.0,810.0,855.0,5.0,809.0,854.0,812.0,857.0
3893,0,3894,0,Plaques,1.0,0.0,841.5,855.0,6.0,841.0,854.0,843.0,857.0
3894,0,3895,0,Plaques,1.0,0.0,919.3333,854.6667,3.0,919.0,854.0,921.0,856.0
3895,0,3896,0,Plaques,1.0,0.0,1001.6667,855.0,9.0,1000.0,854.0,1004.0,857.0
3896,0,3897,0,Plaques,1.0,0.0,1616.3846,855.61536,13.0,1615.0,854.0,1619.0,858.0
3897,0,3898,0,Plaques,1.0,0.0,965.0,855.8333,6.0,964.0,855.0,967.0,858.0
3898,0,3899,0,Plaques,1.0,0.0,1008.2,856.5,10.0,1007.0,855.0,1010.0,859.0
3899,0,3900,0,Plaques,1.0,0.0,1052.0,855.5,6.0,1051.0,855.0,1054.0,857.0
3900,0,3901,0,Plaques,1.0,0.0,1298.0,856.0,5.0,1297.0,855.0,1300.0,858.0
3901,0,3902,0,Plaques,1.0,0.0,1328.3334,855.6667,3.0,1328.0,855.0,1330.0,857.0
3902,0,3903,0,Plaques,1.0,0.0,586.5,856.5,4.0,586.0,856.0,588.0,858.0
3903,0,3904,0,Plaques,1.0,0.0,657.5,856.5,4.0,657.0,856.0,659.0,858.0
3904,0,3905,0,Plaques,1.0,0.0,932.5,856.5,4.0,932.0,856.0,934.0,858.0
3905,0,3906,0,Plaques,1.0,0.0,1252.6666,856.6667,3.0,1252.0,856.0,1254.0,858.0
3906,0,3907,0,Plaques,1.0,0.0,1604.125,856.875,8.0,1603.0,856.0,1606.0,859.0
3907,0,3908,0,Plaques,1.0,0.0,1672.2858,857.0,7.0,1671.0,856.0,1674.0,859.0
3908,0,3909,0,Plaques,1.0,0.0,631.0,857.5,6.0,630.0,857.0,633.0,859.0
3909,0,3910,0,Plaques,1.0,0.0,1284.0,858.0,9.0,1283.0,857.0,1286.0,860.0
3910,0,3911,0,Plaques,1.0,0.0,1554.0,858.0,9.0,1553.0,857.0,1556.0,860.0
3911,0,3912,0,Plaques,1.0,0.0,96.181816,859.5455,11.0,95.0,858.0,99.0,862.0
3912,0,3913,0,Plaques,1.0,0.0,582.3333,858.3333,3.0,582.0,858.0,584.0,860.0
3913,0,3914,0,Plaques,1.0,0.0,1034.5,859.0,6.0,1034.0,858.0,1036.0,861.0
3914,0,3915,0,Plaques,1.0,0.0,1265.2,859.0,10.0,1264.0,858.0,1268.0,861.0
3915,0,3916,0,Plaques,1.0,0.0,1337.1666,859.1667,6.0,1336.0,858.0,1339.0,861.0
3916,0,3917,0,Plaques,1.0,0.0,1659.3334,858.6667,3.0,1659.0,858.0,1661.0,860.0
3917,0,3918,0,Plaques,1.0,0.0,79.666664,859.8889,9.0,78.0,859.0,82.0,862.0
3918,0,3919,0,Plaques,1.0,0.0,745.8,859.6,5.0,745.0,859.0,748.0,861.0
3919,0,3920,0,Plaques,1.0,0.0,924.5,860.0,6.0,924.0,859.0,926.0,862.0
3920,0,3921,0,Plaques,1.0,0.0,957.5,860.0,4.0,957.0,859.0,959.0,862.0
3921,0,3922,0,Plaques,1.0,0.0,1000.9091,860.63635,11.0,1000.0,859.0,1003.0,863.0
3922,0,3923,0,Plaques,1.0,0.0,1024.6364,860.4545,11.0,1023.0,859.0,1027.0,863.0
3923,0,3924,0,Plaques,1.0,0.0,1624.2858,860.0,7.0,1623.0,859.0,1626.0,862.0
3924,0,3925,0,Plaques,1.0,0.0,108.92308,861.6923,13.0,108.0,860.0,111.0,865.0
3925,0,3926,0,Plaques,1.0,0.0,543.7143,860.8571,7.0,542.0,860.0,546.0,863.0
3926,0,3927,0,Plaques,1.0,0.0,670.75,861.4375,16.0,669.0,860.0,674.0,864.0
3927,0,3928,0,Plaques,1.0,0.0,804.3333,861.5,12.0,803.0,860.0,807.0,864.0
3928,0,3929,0,Plaques,1.0,0.0,1243.6875,862.0625,16.0,1242.0,860.0,1246.0,865.0
3929,0,3930,0,Plaques,1.0,0.0,1287.5,860.5,4.0,1287.0,860.0,1289.0,862.0
3930,0,3931,0,Plaques,1.0,0.0,1369.3334,860.3333,3.0,1369.0,860.0,1371.0,862.0
3931,0,3932,0,Plaques,1.0,0.0,116.2,862.0,10.0,115.0,861.0,119.0,864.0
3932,0,3933,0,Plaques,1.0,0.0,587.0294,870.3647,170.0,574.0,861.0,599.0,880.0
3933,0,3934,0,Plaques,1.0,0.0,973.8,862.5,10.0,973.0,861.0,976.0,865.0
3934,0,3935,0,Plaques,1.0,0.0,986.2857,862.0,7.0,985.0,861.0,988.0,864.0
3935,0,3936,0,Plaques,1.0,0.0,1563.3055,867.1111,72.0,1558.0,861.0,1570.0,873.0
3936,0,3937,0,Plaques,1.0,0.0,85.5,863.5,12.0,84.0,862.0,88.0,866.0
3937,0,3938,0,Plaques,1.0,0.0,642.0,862.7143,7.0,641.0,862.0,644.0,865.0
3938,0,3939,0,Plaques,1.0,0.0,651.6667,862.3333,3.0,651.0,862.0,653.0,864.0
3939,0,3940,0,Plaques,1.0,0.0,831.125,862.875,8.0,830.0,862.0,833.0,865.0
3940,0,3941,0,Plaques,1.0,0.0,919.125,863.125,8.0,918.0,862.0,921.0,865.0
3941,0,3942,0,Plaques,1.0,0.0,1240.3334,862.6667,3.0,1240.0,862.0,1242.0,864.0
3942,0,3943,0,Plaques,1.0,0.0,1251.0,863.2,10.0,1250.0,862.0,1253.0,866.0
3943,0,3944,0,Plaques,1.0,0.0,1347.2778,864.05554,18.0,1345.0,862.0,1350.0,868.0
3944,0,3945,0,Plaques,1.0,0.0,124.0,864.2857,7.0,123.0,863.0,126.0,866.0
3945,0,3946,0,Plaques,1.0,0.0,623.6,863.8,5.0,623.0,863.0,625.0,866.0
3946,0,3947,0,Plaques,1.0,0.0,853.5,863.5,4.0,853.0,863.0,855.0,865.0
3947,0,3948,0,Plaques,1.0,0.0,1257.5454,863.7273,11.0,1256.0,863.0,1261.0,866.0
3948,0,3949,0,Plaques,1.0,0.0,1519.2858,864.0,7.0,1518.0,863.0,1521.0,866.0
3949,0,3950,0,Plaques,1.0,0.0,1552.4546,865.7879,33.0,1550.0,863.0,1556.0,870.0
3950,0,3951,0,Plaques,1.0,0.0,128.2,864.4,5.0,127.0,864.0,130.0,866.0
3951,0,3952,0,Plaques,1.0,0.0,539.5,864.5,4.0,539.0,864.0,541.0,866.0
3952,0,3953,0,Plaques,1.0,0.0,733.5,865.0,6.0,733.0,864.0,735.0,867.0
3953,0,3954,0,Plaques,1.0,0.0,749.2,864.4,5.0,748.0,864.0,751.0,866.0
3954,0,3955,0,Plaques,1.0,0.0,778.3333,864.6667,3.0,778.0,864.0,780.0,866.0
3955,0,3956,0,Plaques,1.0,0.0,929.1667,865.8333,18.0,927.0,864.0,932.0,869.0
3956,0,3957,0,Plaques,1.0,0.0,106.75,866.0,4.0,106.0,865.0,108.0,868.0
3957,0,3958,0,Plaques,1.0,0.0,1235.72,867.6,25.0,1233.0,865.0,1239.0,871.0
3958,0,3959,0,Plaques,1.0,0.0,1275.2858,866.1429,7.0,1274.0,865.0,1277.0,868.0
3959,0,3960,0,Plaques,1.0,0.0,1285.0,866.2857,7.0,1284.0,865.0,1287.0,868.0
3960,0,3961,0,Plaques,1.0,0.0,1293.1428,865.9286,14.0,1291.0,865.0,1296.0,868.0
3961,0,3962,0,Plaques,1.0,0.0,1315.7142,866.0,7.0,1315.0,865.0,1318.0,868.0
3962,0,3963,0,Plaques,1.0,0.0,1323.5,865.5,4.0,1323.0,865.0,1325.0,867.0
3963,0,3964,0,Plaques,1.0,0.0,1527.5,865.5,4.0,1527.0,865.0,1529.0,867.0
3964,0,3965,0,Plaques,1.0,0.0,649.125,867.125,8.0,648.0,866.0,651.0,869.0
3965,0,3966,0,Plaques,1.0,0.0,889.0,866.5,6.0,888.0,866.0,891.0,868.0
3966,0,3967,0,Plaques,1.0,0.0,1055.2,866.6,5.0,1054.0,866.0,1057.0,868.0
3967,0,3968,0,Plaques,1.0,0.0,1261.7142,867.5,14.0,1260.0,866.0,1264.0,870.0
3968,0,3969,0,Plaques,1.0,0.0,1405.0,866.5,6.0,1404.0,866.0,1407.0,868.0
3969,0,3970,0,Plaques,1.0,0.0,1540.7742,869.0968,31.0,1538.0,866.0,1545.0,873.0
3970,0,3971,0,Plaques,1.0,0.0,1669.8,866.4,5.0,1669.0,866.0,1672.0,868.0
3971,0,3972,0,Plaques,1.0,0.0,558.0,867.5,6.0,557.0,867.0,560.0,869.0
3972,0,3973,0,Plaques,1.0,0.0,834.3333,867.3333,3.0,834.0,867.0,836.0,869.0
3973,0,3974,0,Plaques,1.0,0.0,840.0,867.7143,7.0,839.0,867.0,842.0,870.0
3974,0,3975,0,Plaques,1.0,0.0,924.0,871.09375,32.0,922.0,867.0,928.0,876.0
3975,0,3976,0,Plaques,1.0,0.0,949.0,868.0,9.0,948.0,867.0,951.0,870.0
3976,0,3977,0,Plaques,1.0,0.0,1222.7297,870.97296,37.0,1218.0,867.0,1228.0,875.0
3977,0,3978,0,Plaques,1.0,0.0,1242.2,869.6,15.0,1241.0,867.0,1244.0,874.0
3978,0,3979,0,Plaques,1.0,0.0,1330.0,867.5,6.0,1329.0,867.0,1332.0,869.0
3979,0,3980,0,Plaques,1.0,0.0,1367.0,868.0,9.0,1366.0,867.0,1369.0,870.0
3980,0,3981,0,Plaques,1.0,0.0,1624.0,867.5,6.0,1623.0,867.0,1626.0,869.0
3981,0,3982,0,Plaques,1.0,0.0,110.08696,871.5217,23.0,108.0,868.0,113.0,876.0
3982,0,3983,0,Plaques,1.0,0.0,550.2857,869.0,7.0,549.0,868.0,552.0,871.0
3983,0,3984,0,Plaques,1.0,0.0,878.5,868.5,4.0,878.0,868.0,880.0,870.0
3984,0,3985,0,Plaques,1.0,0.0,962.4,868.8,5.0,962.0,868.0,964.0,871.0
3985,0,3986,0,Plaques,1.0,0.0,1044.1538,869.0769,13.0,1042.0,868.0,1047.0,872.0
3986,0,3987,0,Plaques,1.0,0.0,1254.5,870.0,16.0,1253.0,868.0,1257.0,873.0
3987,0,3988,0,Plaques,1.0,0.0,1305.9667,872.7,30.0,1304.0,868.0,1309.0,878.0
3988,0,3989,0,Plaques,1.0,0.0,1311.5,869.0,8.0,1310.0,868.0,1314.0,871.0
3989,0,3990,0,Plaques,1.0,0.0,1356.5,868.5,4.0,1356.0,868.0,1358.0,870.0
3990,0,3991,0,Plaques,1.0,0.0,84.6,870.2,5.0,84.0,869.0,86.0,872.0
3991,0,3992,0,Plaques,1.0,0.0,612.0,870.2857,7.0,611.0,869.0,614.0,872.0
3992,0,3993,0,Plaques,1.0,0.0,1272.1666,869.8333,6.0,1271.0,869.0,1274.0,872.0
3993,0,3994,0,Plaques,1.0,0.0,1280.0,869.7143,7.0,1279.0,869.0,1282.0,872.0
3994,0,3995,0,Plaques,1.0,0.0,1287.7,870.3,10.0,1286.0,869.0,1290.0,873.0
3995,0,3996,0,Plaques,1.0,0.0,1375.125,869.875,8.0,1374.0,869.0,1377.0,872.0
3996,0,3997,0,Plaques,1.0,0.0,97.14286,871.1429,7.0,96.0,870.0,100.0,873.0
3997,0,3998,0,Plaques,1.0,0.0,607.41174,872.1177,17.0,606.0,870.0,610.0,875.0
3998,0,3999,0,Plaques,1.0,0.0,733.1667,870.8333,6.0,732.0,870.0,735.0,873.0
3999,0,4000,0,Plaques,1.0,0.0,1383.909,870.8182,11.0,1382.0,870.0,1387.0,873.0
4000,0,4001,0,Plaques,1.0,0.0,527.875,872.125,8.0,527.0,871.0,530.0,874.0
4001,0,4002,0,Plaques,1.0,0.0,852.6667,871.6667,3.0,852.0,871.0,854.0,873.0
4002,0,4003,0,Plaques,1.0,0.0,935.5,872.0,6.0,935.0,871.0,937.0,874.0
4003,0,4004,0,Plaques,1.0,0.0,942.1053,873.5263,19.0,940.0,871.0,945.0,877.0
4004,0,4005,0,Plaques,1.0,0.0,1023.3333,872.5,6.0,1023.0,871.0,1025.0,875.0
4005,0,4006,0,Plaques,1.0,0.0,1322.6364,871.9091,11.0,1321.0,871.0,1325.0,874.0
4006,0,4007,0,Plaques,1.0,0.0,1333.5333,872.6667,15.0,1332.0,871.0,1336.0,876.0
4007,0,4008,0,Plaques,1.0,0.0,1344.7587,874.069,29.0,1340.0,871.0,1350.0,877.0
4008,0,4009,0,Plaques,1.0,0.0,1357.1395,874.0,43.0,1351.0,871.0,1363.0,878.0
4009,0,4010,0,Plaques,1.0,0.0,1641.3334,871.6667,3.0,1641.0,871.0,1643.0,873.0
4010,0,4011,0,Plaques,1.0,0.0,1671.5,871.5,4.0,1671.0,871.0,1673.0,873.0
4011,0,4012,0,Plaques,1.0,0.0,634.5111,876.0,45.0,630.0,872.0,639.0,880.0
4012,0,4013,0,Plaques,1.0,0.0,740.125,872.875,8.0,739.0,872.0,742.0,875.0
4013,0,4014,0,Plaques,1.0,0.0,1038.7368,876.8684,38.0,1037.0,872.0,1042.0,882.0
4014,0,4015,0,Plaques,1.0,0.0,1213.125,872.875,8.0,1212.0,872.0,1215.0,875.0
4015,0,4016,0,Plaques,1.0,0.0,1250.8889,873.8889,18.0,1249.0,872.0,1254.0,877.0
4016,0,4017,0,Plaques,1.0,0.0,1292.6666,872.6667,3.0,1292.0,872.0,1294.0,874.0
4017,0,4018,0,Plaques,1.0,0.0,1684.0,873.2,10.0,1683.0,872.0,1686.0,876.0
4018,0,4019,0,Plaques,1.0,0.0,1029.5,873.5,4.0,1029.0,873.0,1031.0,875.0
4019,0,4020,0,Plaques,1.0,0.0,1676.0,874.5,8.0,1675.0,873.0,1678.0,877.0
4020,0,4021,0,Plaques,1.0,0.0,85.05556,877.0,18.0,83.0,874.0,87.0,881.0
4021,0,4022,0,Plaques,1.0,0.0,520.2,874.4,5.0,519.0,874.0,522.0,876.0
4022,0,4023,0,Plaques,1.0,0.0,539.0,874.5,6.0,538.0,874.0,541.0,876.0
4023,0,4024,0,Plaques,1.0,0.0,897.0,875.2857,7.0,896.0,874.0,899.0,877.0
4024,0,4025,0,Plaques,1.0,0.0,931.5,875.5,12.0,930.0,874.0,934.0,878.0
4025,0,4026,0,Plaques,1.0,0.0,1204.3898,878.37286,59.0,1199.0,874.0,1210.0,885.0
4026,0,4027,0,Plaques,1.0,0.0,1472.6364,874.9091,11.0,1471.0,874.0,1475.0,877.0
4027,0,4028,0,Plaques,1.0,0.0,100.8,876.5,10.0,100.0,875.0,103.0,879.0
4028,0,4029,0,Plaques,1.0,0.0,117.0,875.7143,7.0,116.0,875.0,119.0,878.0
4029,0,4030,0,Plaques,1.0,0.0,948.63635,876.0909,11.0,947.0,875.0,951.0,878.0
4030,0,4031,0,Plaques,1.0,0.0,992.2,875.4,5.0,991.0,875.0,994.0,877.0
4031,0,4032,0,Plaques,1.0,0.0,1000.5,876.0,6.0,1000.0,875.0,1002.0,878.0
4032,0,4033,0,Plaques,1.0,0.0,1018.2759,883.1724,87.0,1011.0,875.0,1025.0,892.0
4033,0,4034,0,Plaques,1.0,0.0,1284.0,876.0,11.0,1282.0,875.0,1287.0,878.0
4034,0,4035,0,Plaques,1.0,0.0,1518.1666,876.1667,6.0,1517.0,875.0,1520.0,878.0
4035,0,4036,0,Plaques,1.0,0.0,604.5172,878.2414,29.0,601.0,876.0,611.0,882.0
4036,0,4037,0,Plaques,1.0,0.0,730.8333,877.1667,6.0,730.0,876.0,733.0,879.0
4037,0,4038,0,Plaques,1.0,0.0,1215.091,877.63635,11.0,1214.0,876.0,1217.0,880.0
4038,0,4039,0,Plaques,1.0,0.0,1301.2,876.4,5.0,1300.0,876.0,1303.0,878.0
4039,0,4040,0,Plaques,1.0,0.0,1377.1666,877.5,12.0,1376.0,876.0,1380.0,880.0
4040,0,4041,0,Plaques,1.0,0.0,1398.5714,877.2857,7.0,1397.0,876.0,1401.0,879.0
4041,0,4042,0,Plaques,1.0,0.0,580.26666,884.04443,45.0,578.0,877.0,584.0,890.0
4042,0,4043,0,Plaques,1.0,0.0,964.0,877.5,6.0,963.0,877.0,966.0,879.0
4043,0,4044,0,Plaques,1.0,0.0,1013.5,877.5,4.0,1013.0,877.0,1015.0,879.0
4044,0,4045,0,Plaques,1.0,0.0,1256.5883,879.1177,17.0,1255.0,877.0,1259.0,882.0
4045,0,4046,0,Plaques,1.0,0.0,1365.7858,878.3571,14.0,1364.0,877.0,1369.0,881.0
4046,0,4047,0,Plaques,1.0,0.0,1526.3334,877.3333,3.0,1526.0,877.0,1528.0,879.0
4047,0,4048,0,Plaques,1.0,0.0,1592.3334,877.6667,3.0,1592.0,877.0,1594.0,879.0
4048,0,4049,0,Plaques,1.0,0.0,624.2762,886.9429,105.0,614.0,878.0,632.0,893.0
4049,0,4050,0,Plaques,1.0,0.0,979.5,878.5,4.0,979.0,878.0,981.0,880.0
4050,0,4051,0,Plaques,1.0,0.0,1027.7142,879.0,7.0,1027.0,878.0,1030.0,881.0
4051,0,4052,0,Plaques,1.0,0.0,1174.6793,890.2323,396.0,1145.0,878.0,1205.0,902.0
4052,0,4053,0,Plaques,1.0,0.0,1233.1,880.4,20.0,1230.0,878.0,1237.0,884.0
4053,0,4054,0,Plaques,1.0,0.0,1242.0,879.2857,7.0,1241.0,878.0,1244.0,881.0
4054,0,4055,0,Plaques,1.0,0.0,1314.875,879.125,8.0,1314.0,878.0,1317.0,881.0
4055,0,4056,0,Plaques,1.0,0.0,1499.3334,878.6667,3.0,1499.0,878.0,1501.0,880.0
4056,0,4057,0,Plaques,1.0,0.0,205.44444,879.8889,9.0,204.0,879.0,208.0,882.0
4057,0,4058,0,Plaques,1.0,0.0,219.66667,879.3333,3.0,219.0,879.0,221.0,881.0
4058,0,4059,0,Plaques,1.0,0.0,510.875,879.875,8.0,510.0,879.0,513.0,882.0
4059,0,4060,0,Plaques,1.0,0.0,740.5,880.0,6.0,740.0,879.0,742.0,882.0
4060,0,4061,0,Plaques,1.0,0.0,938.1111,880.3333,9.0,937.0,879.0,940.0,883.0
4061,0,4062,0,Plaques,1.0,0.0,502.5,881.0,10.0,501.0,880.0,505.0,883.0
4062,0,4063,0,Plaques,1.0,0.0,618.5,880.5,4.0,618.0,880.0,620.0,882.0
4063,0,4064,0,Plaques,1.0,0.0,746.0,881.5,10.0,745.0,880.0,748.0,884.0
4064,0,4065,0,Plaques,1.0,0.0,928.0,881.5,8.0,927.0,880.0,930.0,884.0
4065,0,4066,0,Plaques,1.0,0.0,1330.9166,880.9167,12.0,1329.0,880.0,1334.0,883.0
4066,0,4067,0,Plaques,1.0,0.0,1622.3334,880.6667,3.0,1622.0,880.0,1624.0,882.0
4067,0,4068,0,Plaques,1.0,0.0,90.38461,882.61536,13.0,89.0,881.0,93.0,885.0
4068,0,4069,0,Plaques,1.0,0.0,121.0,882.0,5.0,120.0,881.0,123.0,884.0
4069,0,4070,0,Plaques,1.0,0.0,572.8333,881.8333,6.0,572.0,881.0,575.0,884.0
4070,0,4071,0,Plaques,1.0,0.0,794.8889,882.3333,9.0,794.0,881.0,797.0,885.0
4071,0,4072,0,Plaques,1.0,0.0,1276.0,883.1539,13.0,1274.0,881.0,1279.0,886.0
4072,0,4073,0,Plaques,1.0,0.0,1341.2307,882.7692,13.0,1339.0,881.0,1344.0,885.0
4073,0,4074,0,Plaques,1.0,0.0,1352.4166,882.1667,12.0,1350.0,881.0,1355.0,884.0
4074,0,4075,0,Plaques,1.0,0.0,1385.0,882.0,9.0,1384.0,881.0,1387.0,884.0
4075,0,4076,0,Plaques,1.0,0.0,97.6,883.2,5.0,97.0,882.0,99.0,885.0
4076,0,4077,0,Plaques,1.0,0.0,546.125,882.875,8.0,545.0,882.0,548.0,885.0
4077,0,4078,0,Plaques,1.0,0.0,556.0,883.2857,7.0,555.0,882.0,558.0,885.0
4078,0,4079,0,Plaques,1.0,0.0,799.7143,883.0,7.0,799.0,882.0,802.0,885.0
4079,0,4080,0,Plaques,1.0,0.0,875.6667,882.6667,3.0,875.0,882.0,877.0,884.0
4080,0,4081,0,Plaques,1.0,0.0,948.8333,883.1667,6.0,948.0,882.0,951.0,885.0
4081,0,4082,0,Plaques,1.0,0.0,1214.5834,883.8333,12.0,1212.0,882.0,1217.0,886.0
4082,0,4083,0,Plaques,1.0,0.0,1309.4,883.2,5.0,1309.0,882.0,1311.0,885.0
4083,0,4084,0,Plaques,1.0,0.0,1370.7736,886.01886,53.0,1365.0,882.0,1376.0,893.0
4084,0,4085,0,Plaques,1.0,0.0,1378.5,882.5,4.0,1378.0,882.0,1380.0,884.0
4085,0,4086,0,Plaques,1.0,0.0,109.666664,883.8889,9.0,108.0,883.0,112.0,886.0
4086,0,4087,0,Plaques,1.0,0.0,593.8571,884.7857,14.0,592.0,883.0,597.0,888.0
4087,0,4088,0,Plaques,1.0,0.0,607.8571,887.4286,63.0,603.0,883.0,613.0,892.0
4088,0,4089,0,Plaques,1.0,0.0,830.5,883.5,4.0,830.0,883.0,832.0,885.0
4089,0,4090,0,Plaques,1.0,0.0,914.3,883.8,10.0,912.0,883.0,917.0,886.0
4090,0,4091,0,Plaques,1.0,0.0,974.0,884.0,9.0,973.0,883.0,976.0,886.0
4091,0,4092,0,Plaques,1.0,0.0,1260.875,884.125,8.0,1260.0,883.0,1263.0,886.0
4092,0,4093,0,Plaques,1.0,0.0,1293.6666,883.8889,9.0,1292.0,883.0,1296.0,886.0
4093,0,4094,0,Plaques,1.0,0.0,1327.8077,885.6923,26.0,1326.0,883.0,1331.0,890.0
4094,0,4095,0,Plaques,1.0,0.0,1356.84,887.12,25.0,1353.0,883.0,1360.0,891.0
4095,0,4096,0,Plaques,1.0,0.0,105.0,884.5,6.0,104.0,884.0,107.0,886.0
4096,0,4097,0,Plaques,1.0,0.0,491.0,884.5,6.0,490.0,884.0,493.0,886.0
4097,0,4098,0,Plaques,1.0,0.0,516.6667,884.6667,3.0,516.0,884.0,518.0,886.0
4098,0,4099,0,Plaques,1.0,0.0,572.63635,889.2955,44.0,566.0,884.0,578.0,897.0
4099,0,4100,0,Plaques,1.0,0.0,717.0,885.2,10.0,716.0,884.0,719.0,888.0
4100,0,4101,0,Plaques,1.0,0.0,742.5,884.5,4.0,742.0,884.0,744.0,886.0
4101,0,4102,0,Plaques,1.0,0.0,1230.1052,886.6053,38.0,1225.0,884.0,1236.0,890.0
4102,0,4103,0,Plaques,1.0,0.0,1347.8,884.4,5.0,1347.0,884.0,1350.0,886.0
4103,0,4104,0,Plaques,1.0,0.0,1520.5,885.0,8.0,1519.0,884.0,1523.0,887.0
4104,0,4105,0,Plaques,1.0,0.0,1552.0,885.0,9.0,1551.0,884.0,1554.0,887.0
4105,0,4106,0,Plaques,1.0,0.0,1568.0,885.5,12.0,1567.0,884.0,1570.0,888.0
4106,0,4107,0,Plaques,1.0,0.0,500.5,885.5,4.0,500.0,885.0,502.0,887.0
4107,0,4108,0,Plaques,1.0,0.0,510.5,885.5,4.0,510.0,885.0,512.0,887.0
4108,0,4109,0,Plaques,1.0,0.0,756.0,886.2857,7.0,755.0,885.0,758.0,888.0
4109,0,4110,0,Plaques,1.0,0.0,944.0,885.9,10.0,942.0,885.0,947.0,888.0
4110,0,4111,0,Plaques,1.0,0.0,1210.2,885.6,5.0,1209.0,885.0,1212.0,887.0
4111,0,4112,0,Plaques,1.0,0.0,1220.25,886.375,8.0,1219.0,885.0,1223.0,888.0
4112,0,4113,0,Plaques,1.0,0.0,1496.091,887.0909,22.0,1494.0,885.0,1499.0,890.0
4113,0,4114,0,Plaques,1.0,0.0,1508.25,886.5833,12.0,1507.0,885.0,1511.0,889.0
4114,0,4115,0,Plaques,1.0,0.0,1660.0,886.0,5.0,1659.0,885.0,1662.0,888.0
4115,0,4116,0,Plaques,1.0,0.0,380.875,887.125,8.0,380.0,886.0,383.0,889.0
4116,0,4117,0,Plaques,1.0,0.0,472.85184,888.0741,27.0,469.0,886.0,478.0,891.0
4117,0,4118,0,Plaques,1.0,0.0,911.125,887.125,8.0,910.0,886.0,913.0,889.0
4118,0,4119,0,Plaques,1.0,0.0,1028.8889,887.3333,9.0,1028.0,886.0,1031.0,890.0
4119,0,4120,0,Plaques,1.0,0.0,1269.0209,890.5625,48.0,1263.0,886.0,1275.0,896.0
4120,0,4121,0,Plaques,1.0,0.0,1469.0,886.5,6.0,1468.0,886.0,1471.0,888.0
4121,0,4122,0,Plaques,1.0,0.0,1644.3,887.7,10.0,1643.0,886.0,1647.0,890.0
4122,0,4123,0,Plaques,1.0,0.0,594.7077,892.8461,65.0,587.0,887.0,602.0,901.0
4123,0,4124,0,Plaques,1.0,0.0,738.3279,891.88525,61.0,734.0,887.0,743.0,897.0
4124,0,4125,0,Plaques,1.0,0.0,919.6,888.2,5.0,919.0,887.0,921.0,890.0
4125,0,4126,0,Plaques,1.0,0.0,976.7143,888.0,7.0,976.0,887.0,979.0,890.0
4126,0,4127,0,Plaques,1.0,0.0,1109.7142,888.0,7.0,1109.0,887.0,1112.0,890.0
4127,0,4128,0,Plaques,1.0,0.0,1257.7307,892.38464,52.0,1253.0,887.0,1262.0,900.0
4128,0,4129,0,Plaques,1.0,0.0,1286.579,888.4737,19.0,1284.0,887.0,1291.0,891.0
4129,0,4130,0,Plaques,1.0,0.0,1296.2858,888.0,7.0,1295.0,887.0,1298.0,890.0
4130,0,4131,0,Plaques,1.0,0.0,1306.0555,889.6111,18.0,1304.0,887.0,1309.0,893.0
4131,0,4132,0,Plaques,1.0,0.0,1322.3334,888.5,6.0,1322.0,887.0,1324.0,891.0
4132,0,4133,0,Plaques,1.0,0.0,1336.75,888.4375,16.0,1335.0,887.0,1340.0,891.0
4133,0,4134,0,Plaques,1.0,0.0,1382.2142,888.3571,14.0,1380.0,887.0,1385.0,891.0
4134,0,4135,0,Plaques,1.0,0.0,1556.875,888.125,8.0,1556.0,887.0,1559.0,890.0
4135,0,4136,0,Plaques,1.0,0.0,377.5,888.5,4.0,377.0,888.0,379.0,890.0
4136,0,4137,0,Plaques,1.0,0.0,724.6667,888.3333,3.0,724.0,888.0,726.0,890.0
4137,0,4138,0,Plaques,1.0,0.0,962.2857,889.0,7.0,961.0,888.0,964.0,891.0
4138,0,4139,0,Plaques,1.0,0.0,971.8,888.6,5.0,971.0,888.0,974.0,890.0
4139,0,4140,0,Plaques,1.0,0.0,1120.4,888.8,5.0,1120.0,888.0,1122.0,891.0
4140,0,4141,0,Plaques,1.0,0.0,1389.5,888.5,4.0,1389.0,888.0,1391.0,890.0
4141,0,4142,0,Plaques,1.0,0.0,555.2857,890.0,7.0,554.0,889.0,557.0,892.0
4142,0,4143,0,Plaques,1.0,0.0,886.2,889.4,5.0,885.0,889.0,888.0,891.0
4143,0,4144,0,Plaques,1.0,0.0,1022.7,890.85,20.0,1020.0,889.0,1026.0,894.0
4144,0,4145,0,Plaques,1.0,0.0,1128.0,890.2857,7.0,1127.0,889.0,1130.0,892.0
4145,0,4146,0,Plaques,1.0,0.0,1207.0,890.0,13.0,1205.0,889.0,1210.0,892.0
4146,0,4147,0,Plaques,1.0,0.0,1238.7142,890.0,7.0,1238.0,889.0,1241.0,892.0
4147,0,4148,0,Plaques,1.0,0.0,1243.5,890.7143,14.0,1242.0,889.0,1246.0,893.0
4148,0,4149,0,Plaques,1.0,0.0,1279.75,890.5625,16.0,1278.0,889.0,1283.0,893.0
4149,0,4150,0,Plaques,1.0,0.0,1342.3334,893.5,30.0,1340.0,889.0,1345.0,898.0
4150,0,4151,0,Plaques,1.0,0.0,1361.6428,890.7857,14.0,1360.0,889.0,1364.0,894.0
4151,0,4152,0,Plaques,1.0,0.0,1675.75,890.0,4.0,1675.0,889.0,1677.0,892.0
4152,0,4153,0,Plaques,1.0,0.0,102.333336,890.3333,3.0,102.0,890.0,104.0,892.0
4153,0,4154,0,Plaques,1.0,0.0,665.5,891.0,6.0,665.0,890.0,667.0,893.0
4154,0,4155,0,Plaques,1.0,0.0,763.5,890.5,4.0,763.0,890.0,765.0,892.0
4155,0,4156,0,Plaques,1.0,0.0,808.5,890.5,4.0,808.0,890.0,810.0,892.0
4156,0,4157,0,Plaques,1.0,0.0,948.2143,891.3571,14.0,946.0,890.0,951.0,894.0
4157,0,4158,0,Plaques,1.0,0.0,985.06665,891.26666,15.0,983.0,890.0,988.0,894.0
4158,0,4159,0,Plaques,1.0,0.0,1004.875,891.125,8.0,1004.0,890.0,1007.0,893.0
4159,0,4160,0,Plaques,1.0,0.0,1138.129,894.629,62.0,1131.0,890.0,1145.0,900.0
4160,0,4161,0,Plaques,1.0,0.0,1311.7,891.3,10.0,1310.0,890.0,1314.0,894.0
4161,0,4162,0,Plaques,1.0,0.0,191.61539,892.38464,13.0,190.0,891.0,194.0,895.0
4162,0,4163,0,Plaques,1.0,0.0,462.4762,893.2381,21.0,460.0,891.0,465.0,897.0
4163,0,4164,0,Plaques,1.0,0.0,641.0,891.7143,7.0,640.0,891.0,643.0,894.0
4164,0,4165,0,Plaques,1.0,0.0,928.0,891.5,6.0,927.0,891.0,930.0,893.0
4165,0,4166,0,Plaques,1.0,0.0,1221.125,892.75,8.0,1220.0,891.0,1223.0,895.0
4166,0,4167,0,Plaques,1.0,0.0,1327.5,892.0,10.0,1326.0,891.0,1330.0,894.0
4167,0,4168,0,Plaques,1.0,0.0,1401.5,891.5,4.0,1401.0,891.0,1403.0,893.0
4168,0,4169,0,Plaques,1.0,0.0,1438.3334,892.1111,9.0,1437.0,891.0,1441.0,894.0
4169,0,4170,0,Plaques,1.0,0.0,775.5,893.5,12.0,774.0,892.0,778.0,896.0
4170,0,4171,0,Plaques,1.0,0.0,937.3684,893.7895,19.0,935.0,892.0,941.0,897.0
4171,0,4172,0,Plaques,1.0,0.0,968.5814,896.48834,43.0,965.0,892.0,974.0,901.0
4172,0,4173,0,Plaques,1.0,0.0,1106.5,893.0,8.0,1105.0,892.0,1109.0,895.0
4173,0,4174,0,Plaques,1.0,0.0,1186.4744,899.6539,78.0,1181.0,892.0,1195.0,906.0
4174,0,4175,0,Plaques,1.0,0.0,1396.0,893.5,10.0,1395.0,892.0,1398.0,896.0
4175,0,4176,0,Plaques,1.0,0.0,584.0833,895.125,24.0,582.0,893.0,588.0,900.0
4176,0,4177,0,Plaques,1.0,0.0,604.61536,894.53845,13.0,603.0,893.0,607.0,897.0
4177,0,4178,0,Plaques,1.0,0.0,800.5,893.5,4.0,800.0,893.0,802.0,895.0
4178,0,4179,0,Plaques,1.0,0.0,846.2857,894.0,7.0,845.0,893.0,848.0,896.0
4179,0,4180,0,Plaques,1.0,0.0,916.2857,894.0,7.0,915.0,893.0,918.0,896.0
4180,0,4181,0,Plaques,1.0,0.0,1123.0,893.5,6.0,1122.0,893.0,1125.0,895.0
4181,0,4182,0,Plaques,1.0,0.0,1332.8,893.9,10.0,1331.0,893.0,1335.0,896.0
4182,0,4183,0,Plaques,1.0,0.0,1357.1333,894.93335,15.0,1355.0,893.0,1360.0,898.0
4183,0,4184,0,Plaques,1.0,0.0,87.5,894.5,4.0,87.0,894.0,89.0,896.0
4184,0,4185,0,Plaques,1.0,0.0,375.0,894.5,6.0,374.0,894.0,377.0,896.0
4185,0,4186,0,Plaques,1.0,0.0,473.42105,895.1053,19.0,471.0,894.0,477.0,898.0
4186,0,4187,0,Plaques,1.0,0.0,544.5,894.5,4.0,544.0,894.0,546.0,896.0
4187,0,4188,0,Plaques,1.0,0.0,577.3158,898.4474,38.0,572.0,894.0,581.0,904.0
4188,0,4189,0,Plaques,1.0,0.0,623.85,898.6,40.0,620.0,894.0,629.0,904.0
4189,0,4190,0,Plaques,1.0,0.0,948.01886,901.2075,106.0,940.0,894.0,957.0,909.0
4190,0,4191,0,Plaques,1.0,0.0,1195.64,896.76,25.0,1193.0,894.0,1200.0,900.0
4191,0,4192,0,Plaques,1.0,0.0,1227.3334,894.3333,3.0,1227.0,894.0,1229.0,896.0
4192,0,4193,0,Plaques,1.0,0.0,1250.8055,897.2222,36.0,1248.0,894.0,1256.0,902.0
4193,0,4194,0,Plaques,1.0,0.0,1288.0667,895.26666,15.0,1286.0,894.0,1291.0,898.0
4194,0,4195,0,Plaques,1.0,0.0,1361.9875,903.0,80.0,1357.0,894.0,1367.0,911.0
4195,0,4196,0,Plaques,1.0,0.0,1466.6666,894.3333,3.0,1466.0,894.0,1468.0,896.0
4196,0,4197,0,Plaques,1.0,0.0,1521.1666,894.8333,6.0,1520.0,894.0,1523.0,897.0
4197,0,4198,0,Plaques,1.0,0.0,1659.4286,896.0,14.0,1658.0,894.0,1662.0,899.0
4198,0,4199,0,Plaques,1.0,0.0,1672.3334,894.6667,3.0,1672.0,894.0,1674.0,896.0
4199,0,4200,0,Plaques,1.0,0.0,551.0,896.0,5.0,550.0,895.0,553.0,898.0
4200,0,4201,0,Plaques,1.0,0.0,562.4815,897.96295,27.0,559.0,895.0,568.0,901.0
4201,0,4202,0,Plaques,1.0,0.0,611.0625,896.6875,16.0,609.0,895.0,614.0,899.0
4202,0,4203,0,Plaques,1.0,0.0,714.6,895.8,5.0,714.0,895.0,716.0,898.0
4203,0,4204,0,Plaques,1.0,0.0,1119.6038,899.9623,53.0,1112.0,895.0,1128.0,908.0
4204,0,4205,0,Plaques,1.0,0.0,1205.4706,897.35297,17.0,1204.0,895.0,1208.0,900.0
4205,0,4206,0,Plaques,1.0,0.0,1233.0,895.75,4.0,1232.0,895.0,1235.0,897.0
4206,0,4207,0,Plaques,1.0,0.0,1302.5,895.5,4.0,1302.0,895.0,1304.0,897.0
4207,0,4208,0,Plaques,1.0,0.0,1315.9,899.2,30.0,1312.0,895.0,1321.0,905.0
4208,0,4209,0,Plaques,1.0,0.0,292.0,897.0,5.0,291.0,896.0,294.0,899.0
4209,0,4210,0,Plaques,1.0,0.0,706.8,896.6,5.0,706.0,896.0,709.0,898.0
4210,0,4211,0,Plaques,1.0,0.0,1014.7143,897.5714,7.0,1014.0,896.0,1017.0,900.0
4211,0,4212,0,Plaques,1.0,0.0,1380.7858,897.3571,14.0,1379.0,896.0,1384.0,900.0
4212,0,4213,0,Plaques,1.0,0.0,1387.2,896.6,5.0,1386.0,896.0,1389.0,898.0
4213,0,4214,0,Plaques,1.0,0.0,586.25,899.3333,12.0,584.0,897.0,589.0,902.0
4214,0,4215,0,Plaques,1.0,0.0,729.5,897.5,4.0,729.0,897.0,731.0,899.0
4215,0,4216,0,Plaques,1.0,0.0,826.5,898.0,6.0,826.0,897.0,828.0,900.0
4216,0,4217,0,Plaques,1.0,0.0,909.7273,898.2727,11.0,908.0,897.0,912.0,901.0
4217,0,4218,0,Plaques,1.0,0.0,1331.8334,899.0,12.0,1330.0,897.0,1334.0,902.0
4218,0,4219,0,Plaques,1.0,0.0,1461.0,898.5,8.0,1460.0,897.0,1463.0,901.0
4219,0,4220,0,Plaques,1.0,0.0,792.8,898.6,5.0,792.0,898.0,795.0,900.0
4220,0,4221,0,Plaques,1.0,0.0,977.9167,900.1667,12.0,977.0,898.0,980.0,903.0
4221,0,4222,0,Plaques,1.0,0.0,1007.619,899.4286,21.0,1005.0,898.0,1011.0,902.0
4222,0,4223,0,Plaques,1.0,0.0,1244.9231,899.61536,13.0,1243.0,898.0,1248.0,902.0
4223,0,4224,0,Plaques,1.0,0.0,1292.8,899.5,10.0,1292.0,898.0,1295.0,902.0
4224,0,4225,0,Plaques,1.0,0.0,1442.3334,898.3333,3.0,1442.0,898.0,1444.0,900.0
4225,0,4226,0,Plaques,1.0,0.0,1606.0,898.75,4.0,1605.0,898.0,1608.0,900.0
4226,0,4227,0,Plaques,1.0,0.0,614.125,903.75,32.0,611.0,899.0,618.0,908.0
4227,0,4228,0,Plaques,1.0,0.0,641.8,899.6,5.0,641.0,899.0,644.0,901.0
4228,0,4229,0,Plaques,1.0,0.0,752.2,900.5,10.0,751.0,899.0,754.0,903.0
4229,0,4230,0,Plaques,1.0,0.0,932.0,900.0,9.0,931.0,899.0,934.0,902.0
4230,0,4231,0,Plaques,1.0,0.0,1109.3334,899.3333,3.0,1109.0,899.0,1111.0,901.0
4231,0,4232,0,Plaques,1.0,0.0,1157.5964,902.6316,57.0,1151.0,899.0,1166.0,907.0
4232,0,4233,0,Plaques,1.0,0.0,1278.6666,900.1111,9.0,1277.0,899.0,1281.0,902.0
4233,0,4234,0,Plaques,1.0,0.0,1351.8889,900.3889,18.0,1349.0,899.0,1356.0,903.0
4234,0,4235,0,Plaques,1.0,0.0,1374.2094,902.2558,43.0,1369.0,899.0,1381.0,907.0
4235,0,4236,0,Plaques,1.0,0.0,1542.0,899.25,4.0,1541.0,899.0,1544.0,901.0
4236,0,4237,0,Plaques,1.0,0.0,1560.5,900.0,6.0,1560.0,899.0,1562.0,902.0
4237,0,4238,0,Plaques,1.0,0.0,591.3571,902.0714,14.0,590.0,900.0,594.0,905.0
4238,0,4239,0,Plaques,1.0,0.0,650.0,903.2414,29.0,647.0,900.0,654.0,907.0
4239,0,4240,0,Plaques,1.0,0.0,725.0,900.5,6.0,724.0,900.0,727.0,902.0
4240,0,4241,0,Plaques,1.0,0.0,737.8571,900.7143,7.0,737.0,900.0,740.0,903.0
4241,0,4242,0,Plaques,1.0,0.0,768.5,900.5,4.0,768.0,900.0,770.0,902.0
4242,0,4243,0,Plaques,1.0,0.0,855.5,900.5,4.0,855.0,900.0,857.0,902.0
4243,0,4244,0,Plaques,1.0,0.0,962.13336,902.1,30.0,959.0,900.0,967.0,905.0
4244,0,4245,0,Plaques,1.0,0.0,986.5,900.5,4.0,986.0,900.0,988.0,902.0
4245,0,4246,0,Plaques,1.0,0.0,1402.3334,900.3333,3.0,1402.0,900.0,1404.0,902.0
4246,0,4247,0,Plaques,1.0,0.0,1454.125,900.875,8.0,1453.0,900.0,1456.0,903.0
4247,0,4248,0,Plaques,1.0,0.0,1582.68,902.92,25.0,1581.0,900.0,1585.0,907.0
4248,0,4249,0,Plaques,1.0,0.0,607.5,901.5,4.0,607.0,901.0,609.0,903.0
4249,0,4250,0,Plaques,1.0,0.0,803.0,902.0,9.0,802.0,901.0,805.0,904.0
4250,0,4251,0,Plaques,1.0,0.0,818.9091,903.1818,11.0,818.0,901.0,821.0,907.0
4251,0,4252,0,Plaques,1.0,0.0,845.3333,901.3333,3.0,845.0,901.0,847.0,903.0
4252,0,4253,0,Plaques,1.0,0.0,1229.5883,903.1177,34.0,1226.0,901.0,1235.0,907.0
4253,0,4254,0,Plaques,1.0,0.0,1325.2106,903.0526,19.0,1323.0,901.0,1328.0,906.0
4254,0,4255,0,Plaques,1.0,0.0,1337.8125,903.125,16.0,1336.0,901.0,1341.0,906.0
4255,0,4256,0,Plaques,1.0,0.0,1650.5,901.5,4.0,1650.0,901.0,1652.0,903.0
4256,0,4257,0,Plaques,1.0,0.0,1171.2,902.4,5.0,1170.0,902.0,1173.0,904.0
4257,0,4258,0,Plaques,1.0,0.0,1212.26,905.46,50.0,1207.0,902.0,1218.0,911.0
4258,0,4259,0,Plaques,1.0,0.0,1271.9412,903.7647,17.0,1270.0,902.0,1275.0,906.0
4259,0,4260,0,Plaques,1.0,0.0,1299.0,903.5,8.0,1298.0,902.0,1301.0,906.0
4260,0,4261,0,Plaques,1.0,0.0,1309.0,902.7143,7.0,1308.0,902.0,1311.0,905.0
4261,0,4262,0,Plaques,1.0,0.0,1573.7142,903.0,7.0,1573.0,902.0,1576.0,905.0
4262,0,4263,0,Plaques,1.0,0.0,480.0,903.75,4.0,479.0,903.0,482.0,905.0
4263,0,4264,0,Plaques,1.0,0.0,579.0857,912.0,70.0,575.0,903.0,585.0,923.0
4264,0,4265,0,Plaques,1.0,0.0,713.6,903.8,5.0,713.0,903.0,715.0,906.0
4265,0,4266,0,Plaques,1.0,0.0,1140.8169,907.1549,71.0,1134.0,903.0,1149.0,912.0
4266,0,4267,0,Plaques,1.0,0.0,1177.3,904.7,10.0,1175.0,903.0,1180.0,907.0
4267,0,4268,0,Plaques,1.0,0.0,1200.0,903.5,6.0,1199.0,903.0,1202.0,905.0
4268,0,4269,0,Plaques,1.0,0.0,1243.0,904.2,5.0,1242.0,903.0,1245.0,906.0
4269,0,4270,0,Plaques,1.0,0.0,1253.0294,904.7059,34.0,1248.0,903.0,1258.0,908.0
4270,0,4271,0,Plaques,1.0,0.0,1283.091,904.9091,22.0,1281.0,903.0,1286.0,908.0
4271,0,4272,0,Plaques,1.0,0.0,1331.5,904.5,10.0,1330.0,903.0,1334.0,907.0
4272,0,4273,0,Plaques,1.0,0.0,1344.0,903.7143,7.0,1343.0,903.0,1346.0,906.0
4273,0,4274,0,Plaques,1.0,0.0,1492.5,903.5,4.0,1492.0,903.0,1494.0,905.0
4274,0,4275,0,Plaques,1.0,0.0,1498.8,903.4,5.0,1498.0,903.0,1501.0,905.0
4275,0,4276,0,Plaques,1.0,0.0,551.75,905.3333,12.0,550.0,904.0,554.0,908.0
4276,0,4277,0,Plaques,1.0,0.0,796.5,904.5,4.0,796.0,904.0,798.0,906.0
4277,0,4278,0,Plaques,1.0,0.0,918.25,905.0,4.0,918.0,904.0,920.0,907.0
4278,0,4279,0,Plaques,1.0,0.0,1101.9474,908.8816,76.0,1095.0,904.0,1111.0,914.0
4279,0,4280,0,Plaques,1.0,0.0,1127.2778,907.8611,36.0,1124.0,904.0,1132.0,913.0
4280,0,4281,0,Plaques,1.0,0.0,1288.6,904.8,5.0,1288.0,904.0,1290.0,907.0
4281,0,4282,0,Plaques,1.0,0.0,1637.5,904.5,4.0,1637.0,904.0,1639.0,906.0
4282,0,4283,0,Plaques,1.0,0.0,595.2727,907.63635,22.0,593.0,905.0,599.0,911.0
4283,0,4284,0,Plaques,1.0,0.0,605.1818,906.6818,22.0,603.0,905.0,609.0,910.0
4284,0,4285,0,Plaques,1.0,0.0,685.36365,905.9091,11.0,684.0,905.0,688.0,908.0
4285,0,4286,0,Plaques,1.0,0.0,744.43475,906.913,23.0,742.0,905.0,748.0,910.0
4286,0,4287,0,Plaques,1.0,0.0,1001.4762,907.0952,21.0,999.0,905.0,1005.0,910.0
4287,0,4288,0,Plaques,1.0,0.0,1259.7142,906.0,7.0,1259.0,905.0,1262.0,908.0
4288,0,4289,0,Plaques,1.0,0.0,450.5,907.0,8.0,449.0,906.0,453.0,909.0
4289,0,4290,0,Plaques,1.0,0.0,587.5577,911.5192,52.0,583.0,906.0,593.0,917.0
4290,0,4291,0,Plaques,1.0,0.0,621.6429,909.0,28.0,618.0,906.0,626.0,912.0
4291,0,4292,0,Plaques,1.0,0.0,955.04,909.56,25.0,953.0,906.0,958.0,915.0
4292,0,4293,0,Plaques,1.0,0.0,972.0,907.0,9.0,971.0,906.0,974.0,909.0
4293,0,4294,0,Plaques,1.0,0.0,1160.4286,908.0476,21.0,1157.0,906.0,1164.0,911.0
4294,0,4295,0,Plaques,1.0,0.0,1175.34,911.74,50.0,1170.0,906.0,1182.0,918.0
4295,0,4296,0,Plaques,1.0,0.0,1294.4,907.2,5.0,1294.0,906.0,1296.0,909.0
4296,0,4297,0,Plaques,1.0,0.0,1383.0,906.25,4.0,1382.0,906.0,1385.0,908.0
4297,0,4298,0,Plaques,1.0,0.0,990.13043,908.6957,23.0,987.0,907.0,994.0,911.0
4298,0,4299,0,Plaques,1.0,0.0,1115.9615,909.9231,26.0,1112.0,907.0,1121.0,913.0
4299,0,4300,0,Plaques,1.0,0.0,1185.5,907.5,4.0,1185.0,907.0,1187.0,909.0
4300,0,4301,0,Plaques,1.0,0.0,1268.0,907.5,6.0,1267.0,907.0,1270.0,909.0
4301,0,4302,0,Plaques,1.0,0.0,1312.4138,908.62067,29.0,1309.0,907.0,1317.0,912.0
4302,0,4303,0,Plaques,1.0,0.0,1342.0,909.6923,26.0,1340.0,907.0,1346.0,914.0
4303,0,4304,0,Plaques,1.0,0.0,1376.2,908.0,10.0,1375.0,907.0,1379.0,910.0
4304,0,4305,0,Plaques,1.0,0.0,1667.5,908.0,6.0,1667.0,907.0,1669.0,910.0
4305,0,4306,0,Plaques,1.0,0.0,536.5,908.5,4.0,536.0,908.0,538.0,910.0
4306,0,4307,0,Plaques,1.0,0.0,962.871,910.6129,31.0,959.0,908.0,967.0,915.0
4307,0,4308,0,Plaques,1.0,0.0,1206.5,908.5,4.0,1206.0,908.0,1208.0,910.0
4308,0,4309,0,Plaques,1.0,0.0,1220.3334,909.7778,18.0,1218.0,908.0,1224.0,913.0
4309,0,4310,0,Plaques,1.0,0.0,1227.6666,909.2222,9.0,1226.0,908.0,1230.0,911.0
4310,0,4311,0,Plaques,1.0,0.0,1304.0,909.0,7.0,1303.0,908.0,1306.0,911.0
4311,0,4312,0,Plaques,1.0,0.0,1442.875,908.875,8.0,1442.0,908.0,1445.0,911.0
4312,0,4313,0,Plaques,1.0,0.0,560.5625,911.65625,32.0,556.0,909.0,564.0,916.0
4313,0,4314,0,Plaques,1.0,0.0,659.6667,909.6667,3.0,659.0,909.0,661.0,911.0
4314,0,4315,0,Plaques,1.0,0.0,934.0,909.7143,7.0,933.0,909.0,936.0,912.0
4315,0,4316,0,Plaques,1.0,0.0,1168.5652,914.06525,46.0,1164.0,909.0,1176.0,920.0
4316,0,4317,0,Plaques,1.0,0.0,1187.0247,918.35803,81.0,1177.0,909.0,1194.0,926.0
4317,0,4318,0,Plaques,1.0,0.0,1272.5,910.0,8.0,1271.0,909.0,1275.0,912.0
4318,0,4319,0,Plaques,1.0,0.0,1351.6,909.8,5.0,1351.0,909.0,1353.0,912.0
4319,0,4320,0,Plaques,1.0,0.0,1566.5,909.5,4.0,1566.0,909.0,1568.0,911.0
4320,0,4321,0,Plaques,1.0,0.0,688.5,910.5,4.0,688.0,910.0,690.0,912.0
4321,0,4322,0,Plaques,1.0,0.0,813.5,911.7143,14.0,812.0,910.0,816.0,914.0
4322,0,4323,0,Plaques,1.0,0.0,1241.7693,912.0,26.0,1239.0,910.0,1246.0,916.0
4323,0,4324,0,Plaques,1.0,0.0,1252.5,911.375,8.0,1251.0,910.0,1255.0,914.0
4324,0,4325,0,Plaques,1.0,0.0,1331.1666,911.0833,12.0,1329.0,910.0,1334.0,913.0
4325,0,4326,0,Plaques,1.0,0.0,1483.2,910.4,5.0,1482.0,910.0,1485.0,912.0
4326,0,4327,0,Plaques,1.0,0.0,641.38464,912.38464,13.0,640.0,911.0,644.0,915.0
4327,0,4328,0,Plaques,1.0,0.0,730.6,911.8,5.0,730.0,911.0,732.0,914.0
4328,0,4329,0,Plaques,1.0,0.0,757.35,913.25,20.0,756.0,911.0,760.0,917.0
4329,0,4330,0,Plaques,1.0,0.0,913.1177,912.41174,17.0,911.0,911.0,916.0,915.0
4330,0,4331,0,Plaques,1.0,0.0,1182.8,911.6,5.0,1182.0,911.0,1185.0,913.0
4331,0,4332,0,Plaques,1.0,0.0,1206.3594,918.1406,64.0,1201.0,911.0,1212.0,926.0
4332,0,4333,0,Plaques,1.0,0.0,1296.5,911.5,4.0,1296.0,911.0,1298.0,913.0
4333,0,4334,0,Plaques,1.0,0.0,1374.6666,912.6111,18.0,1372.0,911.0,1378.0,915.0
4334,0,4335,0,Plaques,1.0,0.0,1580.5,912.0,6.0,1580.0,911.0,1582.0,914.0
4335,0,4336,0,Plaques,1.0,0.0,519.0,913.2857,7.0,518.0,912.0,521.0,915.0
4336,0,4337,0,Plaques,1.0,0.0,697.5,912.5,4.0,697.0,912.0,699.0,914.0
4337,0,4338,0,Plaques,1.0,0.0,785.5,912.5,4.0,785.0,912.0,787.0,914.0
4338,0,4339,0,Plaques,1.0,0.0,947.36365,912.9091,11.0,946.0,912.0,950.0,915.0
4339,0,4340,0,Plaques,1.0,0.0,985.3333,912.6667,3.0,985.0,912.0,987.0,914.0
4340,0,4341,0,Plaques,1.0,0.0,995.5,912.5,4.0,995.0,912.0,997.0,914.0
4341,0,4342,0,Plaques,1.0,0.0,1266.3636,912.9091,11.0,1265.0,912.0,1269.0,915.0
4342,0,4343,0,Plaques,1.0,0.0,1302.0,914.5263,19.0,1300.0,912.0,1305.0,918.0
4343,0,4344,0,Plaques,1.0,0.0,1334.5769,916.3461,26.0,1330.0,912.0,1338.0,920.0
4344,0,4345,0,Plaques,1.0,0.0,156.0,914.2857,7.0,155.0,913.0,158.0,916.0
4345,0,4346,0,Plaques,1.0,0.0,940.25,915.6875,16.0,938.0,913.0,943.0,919.0
4346,0,4347,0,Plaques,1.0,0.0,1131.7179,916.46155,39.0,1128.0,913.0,1138.0,922.0
4347,0,4348,0,Plaques,1.0,0.0,1152.6425,922.8259,316.0,1136.0,913.0,1175.0,934.0
4348,0,4349,0,Plaques,1.0,0.0,1392.3334,914.8333,18.0,1391.0,913.0,1395.0,918.0
4349,0,4350,0,Plaques,1.0,0.0,1647.6666,913.3333,3.0,1647.0,913.0,1649.0,915.0
4350,0,4351,0,Plaques,1.0,0.0,506.64444,915.95557,45.0,502.0,914.0,512.0,920.0
4351,0,4352,0,Plaques,1.0,0.0,552.8,914.4,5.0,552.0,914.0,555.0,916.0
4352,0,4353,0,Plaques,1.0,0.0,676.5,915.0,6.0,676.0,914.0,678.0,917.0
4353,0,4354,0,Plaques,1.0,0.0,972.875,914.875,8.0,972.0,914.0,975.0,917.0
4354,0,4355,0,Plaques,1.0,0.0,1108.6731,917.03845,52.0,1104.0,914.0,1116.0,923.0
4355,0,4356,0,Plaques,1.0,0.0,1228.3334,915.8,15.0,1226.0,914.0,1231.0,919.0
4356,0,4357,0,Plaques,1.0,0.0,1308.65,916.75,20.0,1306.0,914.0,1312.0,920.0
4357,0,4358,0,Plaques,1.0,0.0,1365.3448,915.931,29.0,1361.0,914.0,1372.0,919.0
4358,0,4359,0,Plaques,1.0,0.0,1380.0,915.0,5.0,1379.0,914.0,1382.0,917.0
4359,0,4360,0,Plaques,1.0,0.0,546.6667,916.5333,15.0,545.0,915.0,550.0,919.0
4360,0,4361,0,Plaques,1.0,0.0,571.36365,916.0909,11.0,570.0,915.0,574.0,918.0
4361,0,4362,0,Plaques,1.0,0.0,596.65955,918.55316,47.0,593.0,915.0,602.0,923.0
4362,0,4363,0,Plaques,1.0,0.0,721.5,915.5,4.0,721.0,915.0,723.0,917.0
4363,0,4364,0,Plaques,1.0,0.0,1125.2,916.4,10.0,1124.0,915.0,1128.0,919.0
4364,0,4365,0,Plaques,1.0,0.0,1255.0,917.0,17.0,1253.0,915.0,1258.0,920.0
4365,0,4366,0,Plaques,1.0,0.0,1287.5,915.5,4.0,1287.0,915.0,1289.0,917.0
4366,0,4367,0,Plaques,1.0,0.0,1355.3636,916.86365,22.0,1352.0,915.0,1359.0,920.0
4367,0,4368,0,Plaques,1.0,0.0,1437.125,916.125,8.0,1436.0,915.0,1439.0,918.0
4368,0,4369,0,Plaques,1.0,0.0,1537.5,916.0,6.0,1537.0,915.0,1539.0,918.0
4369,0,4370,0,Plaques,1.0,0.0,496.5,916.5,4.0,496.0,916.0,498.0,918.0
4370,0,4371,0,Plaques,1.0,0.0,564.2,916.4,5.0,563.0,916.0,566.0,918.0
4371,0,4372,0,Plaques,1.0,0.0,610.2857,917.0,7.0,609.0,916.0,612.0,919.0
4372,0,4373,0,Plaques,1.0,0.0,650.125,916.875,8.0,649.0,916.0,652.0,919.0
4373,0,4374,0,Plaques,1.0,0.0,834.5,917.0,6.0,834.0,916.0,836.0,919.0
4374,0,4375,0,Plaques,1.0,0.0,1099.7207,925.4357,179.0,1088.0,916.0,1112.0,936.0
4375,0,4376,0,Plaques,1.0,0.0,1212.5,916.5,4.0,1212.0,916.0,1214.0,918.0
4376,0,4377,0,Plaques,1.0,0.0,1282.7142,917.5,14.0,1281.0,916.0,1285.0,920.0
4377,0,4378,0,Plaques,1.0,0.0,1448.6666,916.3333,3.0,1448.0,916.0,1450.0,918.0
4378,0,4379,0,Plaques,1.0,0.0,1457.5,916.5,4.0,1457.0,916.0,1459.0,918.0
4379,0,4380,0,Plaques,1.0,0.0,1547.8334,916.8333,6.0,1547.0,916.0,1550.0,919.0
4380,0,4381,0,Plaques,1.0,0.0,1611.5,916.5,4.0,1611.0,916.0,1613.0,918.0
4381,0,4382,0,Plaques,1.0,0.0,203.46875,919.71875,32.0,201.0,917.0,207.0,924.0
4382,0,4383,0,Plaques,1.0,0.0,453.0,917.5,6.0,452.0,917.0,455.0,919.0
4383,0,4384,0,Plaques,1.0,0.0,556.875,918.125,8.0,556.0,917.0,559.0,920.0
4384,0,4385,0,Plaques,1.0,0.0,697.5,917.5,4.0,697.0,917.0,699.0,919.0
4385,0,4386,0,Plaques,1.0,0.0,706.0,918.0,5.0,705.0,917.0,708.0,920.0
4386,0,4387,0,Plaques,1.0,0.0,738.7857,918.7857,14.0,737.0,917.0,742.0,921.0
4387,0,4388,0,Plaques,1.0,0.0,746.5,917.5,4.0,746.0,917.0,748.0,919.0
4388,0,4389,0,Plaques,1.0,0.0,828.5,917.5,4.0,828.0,917.0,830.0,919.0
4389,0,4390,0,Plaques,1.0,0.0,872.875,917.875,8.0,872.0,917.0,875.0,920.0
4390,0,4391,0,Plaques,1.0,0.0,975.61536,918.9231,13.0,974.0,917.0,979.0,922.0
4391,0,4392,0,Plaques,1.0,0.0,1217.5333,920.1667,30.0,1214.0,917.0,1221.0,924.0
4392,0,4393,0,Plaques,1.0,0.0,1264.6666,918.25,12.0,1263.0,917.0,1267.0,921.0
4393,0,4394,0,Plaques,1.0,0.0,1476.8334,917.8333,6.0,1476.0,917.0,1479.0,920.0
4394,0,4395,0,Plaques,1.0,0.0,636.0,919.0,9.0,635.0,918.0,638.0,921.0
4395,0,4396,0,Plaques,1.0,0.0,890.5,919.0,6.0,890.0,918.0,892.0,921.0
4396,0,4397,0,Plaques,1.0,0.0,984.5,918.5,4.0,984.0,918.0,986.0,920.0
4397,0,4398,0,Plaques,1.0,0.0,1119.2632,922.6842,38.0,1117.0,918.0,1124.0,928.0
4398,0,4399,0,Plaques,1.0,0.0,1339.7646,920.35297,17.0,1337.0,918.0,1343.0,923.0
4399,0,4400,0,Plaques,1.0,0.0,1399.0,919.0,9.0,1398.0,918.0,1401.0,921.0
4400,0,4401,0,Plaques,1.0,0.0,1442.8,918.4,5.0,1442.0,918.0,1445.0,920.0
4401,0,4402,0,Plaques,1.0,0.0,523.0,920.5,10.0,522.0,919.0,525.0,923.0
4402,0,4403,0,Plaques,1.0,0.0,714.5,919.5,4.0,714.0,919.0,716.0,921.0
4403,0,4404,0,Plaques,1.0,0.0,823.5,919.5,4.0,823.0,919.0,825.0,921.0
4404,0,4405,0,Plaques,1.0,0.0,859.5,919.5,4.0,859.0,919.0,861.0,921.0
4405,0,4406,0,Plaques,1.0,0.0,880.86957,920.7826,23.0,878.0,919.0,884.0,924.0
4406,0,4407,0,Plaques,1.0,0.0,1198.25,920.3333,12.0,1197.0,919.0,1201.0,923.0
4407,0,4408,0,Plaques,1.0,0.0,1242.742,921.0645,31.0,1238.0,919.0,1248.0,924.0
4408,0,4409,0,Plaques,1.0,0.0,1259.909,920.36365,11.0,1259.0,919.0,1262.0,923.0
4409,0,4410,0,Plaques,1.0,0.0,1451.0,919.5,6.0,1450.0,919.0,1453.0,921.0
4410,0,4411,0,Plaques,1.0,0.0,542.875,921.125,8.0,542.0,920.0,545.0,923.0
4411,0,4412,0,Plaques,1.0,0.0,683.25,920.875,8.0,682.0,920.0,686.0,923.0
4412,0,4413,0,Plaques,1.0,0.0,722.0,920.5,6.0,721.0,920.0,724.0,922.0
4413,0,4414,0,Plaques,1.0,0.0,949.0,921.5,8.0,948.0,920.0,951.0,924.0
4414,0,4415,0,Plaques,1.0,0.0,1275.6923,921.9231,13.0,1274.0,920.0,1278.0,925.0
4415,0,4416,0,Plaques,1.0,0.0,1317.0,922.5,18.0,1316.0,920.0,1319.0,926.0
4416,0,4417,0,Plaques,1.0,0.0,1346.6364,921.0909,11.0,1345.0,920.0,1349.0,923.0
4417,0,4418,0,Plaques,1.0,0.0,1377.6666,920.3333,3.0,1377.0,920.0,1379.0,922.0
4418,0,4419,0,Plaques,1.0,0.0,513.5,921.5,4.0,513.0,921.0,515.0,923.0
4419,0,4420,0,Plaques,1.0,0.0,574.3333,922.55554,9.0,573.0,921.0,577.0,925.0
4420,0,4421,0,Plaques,1.0,0.0,588.8333,921.8333,6.0,588.0,921.0,591.0,924.0
4421,0,4422,0,Plaques,1.0,0.0,778.7143,922.0,7.0,778.0,921.0,781.0,924.0
4422,0,4423,0,Plaques,1.0,0.0,788.5,921.5,4.0,788.0,921.0,790.0,923.0
4423,0,4424,0,Plaques,1.0,0.0,811.5,921.5,4.0,811.0,921.0,813.0,923.0
4424,0,4425,0,Plaques,1.0,0.0,906.0714,922.8571,14.0,905.0,921.0,908.0,926.0
4425,0,4426,0,Plaques,1.0,0.0,1252.2051,925.1795,39.0,1250.0,921.0,1256.0,930.0
4426,0,4427,0,Plaques,1.0,0.0,1266.2858,922.0,7.0,1265.0,921.0,1268.0,924.0
4427,0,4428,0,Plaques,1.0,0.0,1307.2,922.5333,15.0,1304.0,921.0,1311.0,925.0
4428,0,4429,0,Plaques,1.0,0.0,1368.6666,922.4667,15.0,1367.0,921.0,1372.0,925.0
4429,0,4430,0,Plaques,1.0,0.0,1390.8,922.0,10.0,1389.0,921.0,1393.0,924.0
4430,0,4431,0,Plaques,1.0,0.0,1621.3334,921.3333,3.0,1621.0,921.0,1623.0,923.0
4431,0,4432,0,Plaques,1.0,0.0,1629.5,921.5,4.0,1629.0,921.0,1631.0,923.0
4432,0,4433,0,Plaques,1.0,0.0,560.2,922.4,5.0,559.0,922.0,562.0,924.0
4433,0,4434,0,Plaques,1.0,0.0,568.3,922.8,10.0,567.0,922.0,571.0,925.0
4434,0,4435,0,Plaques,1.0,0.0,1326.6072,925.9643,56.0,1322.0,922.0,1333.0,932.0
4435,0,4436,0,Plaques,1.0,0.0,1552.6,922.8,5.0,1552.0,922.0,1554.0,925.0
4436,0,4437,0,Plaques,1.0,0.0,610.7143,924.0,7.0,610.0,923.0,613.0,926.0
4437,0,4438,0,Plaques,1.0,0.0,705.5417,924.7917,24.0,701.0,923.0,710.0,927.0
4438,0,4439,0,Plaques,1.0,0.0,874.4,923.8,5.0,874.0,923.0,876.0,926.0
4439,0,4440,0,Plaques,1.0,0.0,900.1429,924.2857,7.0,899.0,923.0,902.0,926.0
4440,0,4441,0,Plaques,1.0,0.0,940.6667,923.8333,12.0,938.0,923.0,944.0,926.0
4441,0,4442,0,Plaques,1.0,0.0,970.6429,924.7857,14.0,969.0,923.0,973.0,928.0
4442,0,4443,0,Plaques,1.0,0.0,1135.5742,930.48517,101.0,1125.0,923.0,1148.0,939.0
4443,0,4444,0,Plaques,1.0,0.0,1227.6666,925.5952,42.0,1222.0,923.0,1236.0,929.0
4444,0,4445,0,Plaques,1.0,0.0,1499.6666,923.6667,3.0,1499.0,923.0,1501.0,925.0
4445,0,4446,0,Plaques,1.0,0.0,511.33334,924.3333,3.0,511.0,924.0,513.0,926.0
4446,0,4447,0,Plaques,1.0,0.0,519.8333,925.1667,6.0,519.0,924.0,522.0,927.0
4447,0,4448,0,Plaques,1.0,0.0,729.625,926.0,8.0,729.0,924.0,731.0,929.0
4448,0,4449,0,Plaques,1.0,0.0,747.875,925.125,8.0,747.0,924.0,750.0,927.0
4449,0,4450,0,Plaques,1.0,0.0,956.3333,924.6667,3.0,956.0,924.0,958.0,926.0
4450,0,4451,0,Plaques,1.0,0.0,1343.0,925.5,10.0,1342.0,924.0,1345.0,928.0
4451,0,4452,0,Plaques,1.0,0.0,1589.5,924.5,4.0,1589.0,924.0,1591.0,926.0
4452,0,4453,0,Plaques,1.0,0.0,1653.0,925.0,5.0,1652.0,924.0,1655.0,927.0
4453,0,4454,0,Plaques,1.0,0.0,582.0,926.1667,12.0,580.0,925.0,585.0,929.0
4454,0,4455,0,Plaques,1.0,0.0,1272.1333,926.6667,15.0,1270.0,925.0,1276.0,929.0
4455,0,4456,0,Plaques,1.0,0.0,1355.0,926.2857,7.0,1354.0,925.0,1357.0,928.0
4456,0,4457,0,Plaques,1.0,0.0,197.75,927.4167,12.0,196.0,926.0,200.0,930.0
4457,0,4458,0,Plaques,1.0,0.0,647.6,926.8,5.0,647.0,926.0,649.0,929.0
4458,0,4459,0,Plaques,1.0,0.0,1213.6,927.2,5.0,1213.0,926.0,1215.0,929.0
4459,0,4460,0,Plaques,1.0,0.0,1244.4,926.8,15.0,1242.0,926.0,1248.0,929.0
4460,0,4461,0,Plaques,1.0,0.0,1397.0,926.5,6.0,1396.0,926.0,1399.0,928.0
4461,0,4462,0,Plaques,1.0,0.0,1495.0,927.0,5.0,1494.0,926.0,1497.0,929.0
4462,0,4463,0,Plaques,1.0,0.0,1542.0,926.7143,7.0,1541.0,926.0,1544.0,929.0
4463,0,4464,0,Plaques,1.0,0.0,337.33334,927.6667,3.0,337.0,927.0,339.0,929.0
4464,0,4465,0,Plaques,1.0,0.0,563.3571,929.2143,14.0,562.0,927.0,566.0,932.0
4465,0,4466,0,Plaques,1.0,0.0,659.5,927.5,8.0,658.0,927.0,662.0,929.0
4466,0,4467,0,Plaques,1.0,0.0,712.61536,928.61536,13.0,711.0,927.0,715.0,931.0
4467,0,4468,0,Plaques,1.0,0.0,795.3333,927.3333,3.0,795.0,927.0,797.0,929.0
4468,0,4469,0,Plaques,1.0,0.0,1172.1708,941.561,246.0,1159.0,927.0,1190.0,955.0
4469,0,4470,0,Plaques,1.0,0.0,1360.1111,928.6667,9.0,1359.0,927.0,1362.0,931.0
4470,0,4471,0,Plaques,1.0,0.0,1403.0,928.2857,7.0,1402.0,927.0,1405.0,930.0
4471,0,4472,0,Plaques,1.0,0.0,1431.5,927.5,4.0,1431.0,927.0,1433.0,929.0
4472,0,4473,0,Plaques,1.0,0.0,1506.0,927.7143,7.0,1505.0,927.0,1508.0,930.0
4473,0,4474,0,Plaques,1.0,0.0,1510.4,928.2,5.0,1510.0,927.0,1512.0,930.0
4474,0,4475,0,Plaques,1.0,0.0,1115.2693,932.7308,26.0,1113.0,928.0,1118.0,938.0
4475,0,4476,0,Plaques,1.0,0.0,1201.1613,929.8387,31.0,1198.0,928.0,1207.0,934.0
4476,0,4477,0,Plaques,1.0,0.0,1262.9844,934.0625,64.0,1258.0,928.0,1267.0,942.0
4477,0,4478,0,Plaques,1.0,0.0,1282.7428,931.2,35.0,1280.0,928.0,1286.0,938.0
4478,0,4479,0,Plaques,1.0,0.0,1310.0667,929.4,15.0,1308.0,928.0,1313.0,932.0
4479,0,4480,0,Plaques,1.0,0.0,1384.091,929.36365,11.0,1383.0,928.0,1386.0,932.0
4480,0,4481,0,Plaques,1.0,0.0,547.5,929.5,4.0,547.0,929.0,549.0,931.0
4481,0,4482,0,Plaques,1.0,0.0,631.5,929.5,4.0,631.0,929.0,633.0,931.0
4482,0,4483,0,Plaques,1.0,0.0,668.875,930.125,8.0,668.0,929.0,671.0,932.0
4483,0,4484,0,Plaques,1.0,0.0,894.5,929.5,4.0,894.0,929.0,896.0,931.0
4484,0,4485,0,Plaques,1.0,0.0,1131.4338,939.82355,136.0,1120.0,929.0,1144.0,951.0
4485,0,4486,0,Plaques,1.0,0.0,1185.6818,931.0682,44.0,1179.0,929.0,1193.0,936.0
4486,0,4487,0,Plaques,1.0,0.0,1293.1082,932.1622,37.0,1288.0,929.0,1300.0,938.0
4487,0,4488,0,Plaques,1.0,0.0,1369.2778,931.1667,18.0,1367.0,929.0,1372.0,934.0
4488,0,4489,0,Plaques,1.0,0.0,1377.0,930.3333,9.0,1375.0,929.0,1380.0,932.0
4489,0,4490,0,Plaques,1.0,0.0,1538.8823,930.41174,17.0,1537.0,929.0,1542.0,933.0
4490,0,4491,0,Plaques,1.0,0.0,234.16,934.0,25.0,231.0,930.0,237.0,938.0
4491,0,4492,0,Plaques,1.0,0.0,557.3171,932.63416,41.0,553.0,930.0,562.0,937.0
4492,0,4493,0,Plaques,1.0,0.0,571.6667,930.6667,3.0,571.0,930.0,573.0,932.0
4493,0,4494,0,Plaques,1.0,0.0,1151.6666,930.3333,3.0,1151.0,930.0,1153.0,932.0
4494,0,4495,0,Plaques,1.0,0.0,1227.875,931.125,8.0,1227.0,930.0,1230.0,933.0
4495,0,4496,0,Plaques,1.0,0.0,1236.5,930.5,4.0,1236.0,930.0,1238.0,932.0
4496,0,4497,0,Plaques,1.0,0.0,1334.8334,931.3333,18.0,1332.0,930.0,1339.0,934.0
4497,0,4498,0,Plaques,1.0,0.0,1447.0,931.5,12.0,1446.0,930.0,1449.0,934.0
4498,0,4499,0,Plaques,1.0,0.0,568.8,933.3,10.0,568.0,931.0,571.0,936.0
4499,0,4500,0,Plaques,1.0,0.0,585.8182,932.1818,11.0,584.0,931.0,588.0,935.0
4500,0,4501,0,Plaques,1.0,0.0,594.7857,934.0,14.0,593.0,931.0,597.0,938.0
4501,0,4502,0,Plaques,1.0,0.0,600.7143,932.0,7.0,600.0,931.0,603.0,934.0
4502,0,4503,0,Plaques,1.0,0.0,958.5,931.5,4.0,958.0,931.0,960.0,933.0
4503,0,4504,0,Plaques,1.0,0.0,1241.6,932.2,5.0,1241.0,931.0,1243.0,934.0
4504,0,4505,0,Plaques,1.0,0.0,1247.5769,934.7692,26.0,1246.0,931.0,1250.0,940.0
4505,0,4506,0,Plaques,1.0,0.0,1316.2,931.4,5.0,1315.0,931.0,1318.0,933.0
4506,0,4507,0,Plaques,1.0,0.0,1342.8049,936.46344,41.0,1338.0,931.0,1347.0,941.0
4507,0,4508,0,Plaques,1.0,0.0,1439.75,932.0,4.0,1439.0,931.0,1441.0,934.0
4508,0,4509,0,Plaques,1.0,0.0,1526.5,931.5,4.0,1526.0,931.0,1528.0,933.0
4509,0,4510,0,Plaques,1.0,0.0,633.5,932.5,4.0,633.0,932.0,635.0,934.0
4510,0,4511,0,Plaques,1.0,0.0,659.3333,932.8889,9.0,658.0,932.0,662.0,935.0
4511,0,4512,0,Plaques,1.0,0.0,736.6667,932.3333,3.0,736.0,932.0,738.0,934.0
4512,0,4513,0,Plaques,1.0,0.0,945.41174,934.1177,17.0,944.0,932.0,948.0,937.0
4513,0,4514,0,Plaques,1.0,0.0,1077.3794,1078.6008,8490.0,986.0,932.0,1166.0,1196.0
4514,0,4515,0,Plaques,1.0,0.0,1464.4117,933.8823,17.0,1463.0,932.0,1467.0,937.0
4515,0,4516,0,Plaques,1.0,0.0,1559.5,932.5,4.0,1559.0,932.0,1561.0,934.0
4516,0,4517,0,Plaques,1.0,0.0,534.0,934.0,9.0,533.0,933.0,536.0,936.0
4517,0,4518,0,Plaques,1.0,0.0,549.6326,937.59186,49.0,544.0,933.0,557.0,943.0
4518,0,4519,0,Plaques,1.0,0.0,694.875,933.875,8.0,694.0,933.0,697.0,936.0
4519,0,4520,0,Plaques,1.0,0.0,704.5,933.5,4.0,704.0,933.0,706.0,935.0
4520,0,4521,0,Plaques,1.0,0.0,710.0,934.2857,7.0,709.0,933.0,712.0,936.0
4521,0,4522,0,Plaques,1.0,0.0,728.9091,934.63635,11.0,728.0,933.0,731.0,937.0
4522,0,4523,0,Plaques,1.0,0.0,756.5,933.5,4.0,756.0,933.0,758.0,935.0
4523,0,4524,0,Plaques,1.0,0.0,839.08887,935.5111,45.0,835.0,933.0,845.0,939.0
4524,0,4525,0,Plaques,1.0,0.0,1100.0588,936.5,34.0,1096.0,933.0,1105.0,941.0
4525,0,4526,0,Plaques,1.0,0.0,1150.5714,934.2857,7.0,1150.0,933.0,1152.0,937.0
4526,0,4527,0,Plaques,1.0,0.0,1206.5,934.5,16.0,1205.0,933.0,1209.0,937.0
4527,0,4528,0,Plaques,1.0,0.0,1233.7142,935.1905,21.0,1231.0,933.0,1237.0,938.0
4528,0,4529,0,Plaques,1.0,0.0,1274.8125,934.8125,16.0,1273.0,933.0,1278.0,937.0
4529,0,4530,0,Plaques,1.0,0.0,647.2,934.4,5.0,646.0,934.0,649.0,936.0
4530,0,4531,0,Plaques,1.0,0.0,1217.2142,935.6429,14.0,1215.0,934.0,1220.0,938.0
4531,0,4532,0,Plaques,1.0,0.0,1257.0,935.375,16.0,1255.0,934.0,1260.0,938.0
4532,0,4533,0,Plaques,1.0,0.0,1310.5,935.2,10.0,1309.0,934.0,1313.0,937.0
4533,0,4534,0,Plaques,1.0,0.0,1325.3478,937.6957,23.0,1324.0,934.0,1328.0,942.0
4534,0,4535,0,Plaques,1.0,0.0,1395.0834,936.1667,12.0,1394.0,934.0,1397.0,939.0
4535,0,4536,0,Plaques,1.0,0.0,576.39703,939.14703,68.0,571.0,935.0,582.0,945.0
4536,0,4537,0,Plaques,1.0,0.0,676.2857,936.0,7.0,675.0,935.0,678.0,938.0
4537,0,4538,0,Plaques,1.0,0.0,1181.125,935.875,8.0,1180.0,935.0,1183.0,938.0
4538,0,4539,0,Plaques,1.0,0.0,1187.4872,940.5641,39.0,1185.0,935.0,1191.0,946.0
4539,0,4540,0,Plaques,1.0,0.0,1355.6666,936.8333,12.0,1354.0,935.0,1358.0,940.0
4540,0,4541,0,Plaques,1.0,0.0,1378.16,938.24,25.0,1375.0,935.0,1382.0,943.0
4541,0,4542,0,Plaques,1.0,0.0,1497.0,935.25,4.0,1496.0,935.0,1499.0,937.0
4542,0,4543,0,Plaques,1.0,0.0,506.75,937.0,4.0,506.0,936.0,508.0,939.0
4543,0,4544,0,Plaques,1.0,0.0,518.1667,936.8333,6.0,517.0,936.0,520.0,939.0
4544,0,4545,0,Plaques,1.0,0.0,784.5,936.5,4.0,784.0,936.0,786.0,938.0
4545,0,4546,0,Plaques,1.0,0.0,873.63635,937.0909,11.0,872.0,936.0,876.0,939.0
4546,0,4547,0,Plaques,1.0,0.0,1153.1295,944.6835,139.0,1147.0,936.0,1162.0,955.0
4547,0,4548,0,Plaques,1.0,0.0,1297.6818,939.1818,22.0,1296.0,936.0,1300.0,944.0
4548,0,4549,0,Plaques,1.0,0.0,1315.5,936.8,10.0,1314.0,936.0,1318.0,939.0
4549,0,4550,0,Plaques,1.0,0.0,1363.7273,937.2727,11.0,1362.0,936.0,1366.0,940.0
4550,0,4551,0,Plaques,1.0,0.0,179.75,938.0,4.0,179.0,937.0,181.0,940.0
4551,0,4552,0,Plaques,1.0,0.0,732.0,938.0,9.0,731.0,937.0,734.0,940.0
4552,0,4553,0,Plaques,1.0,0.0,774.5,937.5,4.0,774.0,937.0,776.0,939.0
4553,0,4554,0,Plaques,1.0,0.0,1242.3334,938.1111,9.0,1241.0,937.0,1245.0,940.0
4554,0,4555,0,Plaques,1.0,0.0,1306.5,938.2857,14.0,1305.0,937.0,1309.0,941.0
4555,0,4556,0,Plaques,1.0,0.0,1514.0,938.5,10.0,1513.0,937.0,1516.0,941.0
4556,0,4557,0,Plaques,1.0,0.0,437.0,938.7143,7.0,436.0,938.0,439.0,941.0
4557,0,4558,0,Plaques,1.0,0.0,568.7561,943.04877,41.0,564.0,938.0,573.0,950.0
4558,0,4559,0,Plaques,1.0,0.0,663.9048,942.0476,21.0,662.0,938.0,666.0,946.0
4559,0,4560,0,Plaques,1.0,0.0,1199.2188,941.34375,32.0,1197.0,938.0,1202.0,946.0
4560,0,4561,0,Plaques,1.0,0.0,1224.9131,940.56525,23.0,1221.0,938.0,1228.0,944.0
4561,0,4562,0,Plaques,1.0,0.0,1370.8334,939.1667,6.0,1370.0,938.0,1373.0,941.0
4562,0,4563,0,Plaques,1.0,0.0,1434.3334,940.3333,15.0,1432.0,938.0,1438.0,943.0
4563,0,4564,0,Plaques,1.0,0.0,527.5,939.5,4.0,527.0,939.0,529.0,941.0
4564,0,4565,0,Plaques,1.0,0.0,800.3333,939.6667,3.0,800.0,939.0,802.0,941.0
4565,0,4566,0,Plaques,1.0,0.0,1115.0186,944.8426,108.0,1105.0,939.0,1129.0,950.0
4566,0,4567,0,Plaques,1.0,0.0,1281.1428,940.5714,7.0,1280.0,939.0,1283.0,943.0
4567,0,4568,0,Plaques,1.0,0.0,1493.2858,940.0,7.0,1492.0,939.0,1495.0,942.0
4568,0,4569,0,Plaques,1.0,0.0,137.33333,940.3333,3.0,137.0,940.0,139.0,942.0
4569,0,4570,0,Plaques,1.0,0.0,615.5,940.5,4.0,615.0,940.0,617.0,942.0
4570,0,4571,0,Plaques,1.0,0.0,628.6667,940.3333,3.0,628.0,940.0,630.0,942.0
4571,0,4572,0,Plaques,1.0,0.0,748.0,940.7143,7.0,747.0,940.0,750.0,943.0
4572,0,4573,0,Plaques,1.0,0.0,901.8333,940.8333,6.0,901.0,940.0,904.0,943.0
4573,0,4574,0,Plaques,1.0,0.0,1214.5,940.5,4.0,1214.0,940.0,1216.0,942.0
4574,0,4575,0,Plaques,1.0,0.0,1237.5,940.5,4.0,1237.0,940.0,1239.0,942.0
4575,0,4576,0,Plaques,1.0,0.0,1361.1714,945.97144,35.0,1358.0,940.0,1365.0,951.0
4576,0,4577,0,Plaques,1.0,0.0,1366.8,940.4,5.0,1366.0,940.0,1369.0,942.0
4577,0,4578,0,Plaques,1.0,0.0,1425.0,941.0,9.0,1424.0,940.0,1427.0,943.0
4578,0,4579,0,Plaques,1.0,0.0,1500.5,940.5,4.0,1500.0,940.0,1502.0,942.0
4579,0,4580,0,Plaques,1.0,0.0,1508.7693,941.2308,13.0,1507.0,940.0,1511.0,944.0
4580,0,4581,0,Plaques,1.0,0.0,1593.2858,941.0,7.0,1592.0,940.0,1595.0,943.0
4581,0,4582,0,Plaques,1.0,0.0,604.6667,941.6667,3.0,604.0,941.0,606.0,943.0
4582,0,4583,0,Plaques,1.0,0.0,705.0,942.0,9.0,704.0,941.0,707.0,944.0
4583,0,4584,0,Plaques,1.0,0.0,738.0,941.5,6.0,737.0,941.0,740.0,943.0
4584,0,4585,0,Plaques,1.0,0.0,825.61536,942.61536,13.0,824.0,941.0,828.0,945.0
4585,0,4586,0,Plaques,1.0,0.0,939.875,942.125,8.0,939.0,941.0,942.0,944.0
4586,0,4587,0,Plaques,1.0,0.0,1127.2667,942.6667,15.0,1125.0,941.0,1131.0,945.0
4587,0,4588,0,Plaques,1.0,0.0,559.8375,946.9625,80.0,551.0,942.0,568.0,952.0
4588,0,4589,0,Plaques,1.0,0.0,585.5,943.5,12.0,584.0,942.0,588.0,946.0
4589,0,4590,0,Plaques,1.0,0.0,595.5,943.2857,14.0,594.0,942.0,598.0,946.0
4590,0,4591,0,Plaques,1.0,0.0,1194.8,945.6667,15.0,1193.0,942.0,1197.0,949.0
4591,0,4592,0,Plaques,1.0,0.0,1275.3846,943.61536,13.0,1274.0,942.0,1278.0,946.0
4592,0,4593,0,Plaques,1.0,0.0,1443.0,942.5,6.0,1442.0,942.0,1445.0,944.0
4593,0,4594,0,Plaques,1.0,0.0,1585.0,943.0,5.0,1584.0,942.0,1587.0,945.0
4594,0,4595,0,Plaques,1.0,0.0,1629.0,943.0,9.0,1628.0,942.0,1631.0,945.0
4595,0,4596,0,Plaques,1.0,0.0,1646.0,942.7143,7.0,1645.0,942.0,1648.0,945.0
4596,0,4597,0,Plaques,1.0,0.0,451.19232,945.3077,26.0,449.0,943.0,455.0,949.0
4597,0,4598,0,Plaques,1.0,0.0,610.0,944.0,5.0,609.0,943.0,612.0,946.0
4598,0,4599,0,Plaques,1.0,0.0,691.5,944.0,12.0,690.0,943.0,694.0,946.0
4599,0,4600,0,Plaques,1.0,0.0,717.5,943.5,4.0,717.0,943.0,719.0,945.0
4600,0,4601,0,Plaques,1.0,0.0,882.5,943.5,4.0,882.0,943.0,884.0,945.0
4601,0,4602,0,Plaques,1.0,0.0,1206.1428,945.619,21.0,1205.0,943.0,1209.0,951.0
4602,0,4603,0,Plaques,1.0,0.0,1218.5555,943.8889,9.0,1217.0,943.0,1221.0,946.0
4603,0,4604,0,Plaques,1.0,0.0,1230.5,943.5,4.0,1230.0,943.0,1232.0,945.0
4604,0,4605,0,Plaques,1.0,0.0,1306.3334,943.3333,3.0,1306.0,943.0,1308.0,945.0
4605,0,4606,0,Plaques,1.0,0.0,1321.0476,945.3333,21.0,1318.0,943.0,1325.0,949.0
4606,0,4607,0,Plaques,1.0,0.0,1477.3334,943.6667,3.0,1477.0,943.0,1479.0,945.0
4607,0,4608,0,Plaques,1.0,0.0,623.2,944.6,5.0,622.0,944.0,625.0,946.0
4608,0,4609,0,Plaques,1.0,0.0,653.6667,944.3333,3.0,653.0,944.0,655.0,946.0
4609,0,4610,0,Plaques,1.0,0.0,729.125,945.125,8.0,728.0,944.0,731.0,947.0
4610,0,4611,0,Plaques,1.0,0.0,1211.8823,946.64703,17.0,1210.0,944.0,1215.0,951.0
4611,0,4612,0,Plaques,1.0,0.0,1235.8948,947.5526,38.0,1233.0,944.0,1240.0,953.0
4612,0,4613,0,Plaques,1.0,0.0,1254.4474,949.2368,38.0,1251.0,944.0,1259.0,954.0
4613,0,4614,0,Plaques,1.0,0.0,1348.1818,946.13635,22.0,1346.0,944.0,1352.0,950.0
4614,0,4615,0,Plaques,1.0,0.0,591.25,946.9167,12.0,590.0,945.0,594.0,949.0
4615,0,4616,0,Plaques,1.0,0.0,630.5,945.5,4.0,630.0,945.0,632.0,947.0
4616,0,4617,0,Plaques,1.0,0.0,1245.2,947.2,25.0,1242.0,945.0,1248.0,951.0
4617,0,4618,0,Plaques,1.0,0.0,1290.4348,947.4783,23.0,1287.0,945.0,1294.0,950.0
4618,0,4619,0,Plaques,1.0,0.0,1378.2858,946.0,7.0,1377.0,945.0,1380.0,948.0
4619,0,4620,0,Plaques,1.0,0.0,1603.973,947.3514,37.0,1600.0,945.0,1608.0,951.0
4620,0,4621,0,Plaques,1.0,0.0,1622.5,945.5,4.0,1622.0,945.0,1624.0,947.0
4621,0,4622,0,Plaques,1.0,0.0,545.6667,946.3333,3.0,545.0,946.0,547.0,948.0
4622,0,4623,0,Plaques,1.0,0.0,676.5,946.5,4.0,676.0,946.0,678.0,948.0
4623,0,4624,0,Plaques,1.0,0.0,1424.5,946.5,4.0,1424.0,946.0,1426.0,948.0
4624,0,4625,0,Plaques,1.0,0.0,522.5,948.0,6.0,522.0,947.0,524.0,950.0
4625,0,4626,0,Plaques,1.0,0.0,544.75,951.3333,48.0,539.0,947.0,553.0,956.0
4626,0,4627,0,Plaques,1.0,0.0,796.5,947.5,4.0,796.0,947.0,798.0,949.0
4627,0,4628,0,Plaques,1.0,0.0,1224.6666,949.2963,27.0,1222.0,947.0,1229.0,953.0
4628,0,4629,0,Plaques,1.0,0.0,1367.8,947.9,10.0,1366.0,947.0,1370.0,950.0
4629,0,4630,0,Plaques,1.0,0.0,1472.5,947.5,4.0,1472.0,947.0,1474.0,949.0
4630,0,4631,0,Plaques,1.0,0.0,1493.8,947.6,5.0,1493.0,947.0,1496.0,949.0
4631,0,4632,0,Plaques,1.0,0.0,1635.6666,949.4583,24.0,1633.0,947.0,1639.0,953.0
4632,0,4633,0,Plaques,1.0,0.0,656.6087,950.4783,23.0,654.0,948.0,661.0,954.0
4633,0,4634,0,Plaques,1.0,0.0,667.0,948.7143,7.0,666.0,948.0,669.0,951.0
4634,0,4635,0,Plaques,1.0,0.0,1263.6666,948.3333,3.0,1263.0,948.0,1265.0,950.0
4635,0,4636,0,Plaques,1.0,0.0,1304.5217,951.26086,23.0,1302.0,948.0,1308.0,956.0
4636,0,4637,0,Plaques,1.0,0.0,1331.7,949.75,20.0,1329.0,948.0,1335.0,952.0
4637,0,4638,0,Plaques,1.0,0.0,1467.0,948.5,6.0,1466.0,948.0,1469.0,950.0
4638,0,4639,0,Plaques,1.0,0.0,1489.5,948.5,4.0,1489.0,948.0,1491.0,950.0
4639,0,4640,0,Plaques,1.0,0.0,671.0,950.2,10.0,670.0,949.0,673.0,953.0
4640,0,4641,0,Plaques,1.0,0.0,819.8889,950.6667,9.0,819.0,949.0,822.0,953.0
4641,0,4642,0,Plaques,1.0,0.0,881.5,949.5,4.0,881.0,949.0,883.0,951.0
4642,0,4643,0,Plaques,1.0,0.0,1116.6154,951.2692,26.0,1113.0,949.0,1122.0,954.0
4643,0,4644,0,Plaques,1.0,0.0,1175.6923,952.0769,13.0,1174.0,949.0,1178.0,955.0
4644,0,4645,0,Plaques,1.0,0.0,1200.6666,949.6667,3.0,1200.0,949.0,1202.0,951.0
4645,0,4646,0,Plaques,1.0,0.0,1282.7273,949.5455,11.0,1280.0,949.0,1286.0,951.0
4646,0,4647,0,Plaques,1.0,0.0,1342.1666,950.1667,6.0,1341.0,949.0,1344.0,952.0
4647,0,4648,0,Plaques,1.0,0.0,1399.7142,950.0,7.0,1399.0,949.0,1402.0,952.0
4648,0,4649,0,Plaques,1.0,0.0,530.63635,951.0909,11.0,529.0,950.0,533.0,953.0
4649,0,4650,0,Plaques,1.0,0.0,576.5,950.5,4.0,576.0,950.0,578.0,952.0
4650,0,4651,0,Plaques,1.0,0.0,616.0,950.5,6.0,615.0,950.0,618.0,952.0
4651,0,4652,0,Plaques,1.0,0.0,676.25,951.0,4.0,676.0,950.0,678.0,953.0
4652,0,4653,0,Plaques,1.0,0.0,1136.3846,952.5769,26.0,1134.0,950.0,1140.0,956.0
4653,0,4654,0,Plaques,1.0,0.0,1266.3572,951.7857,14.0,1265.0,950.0,1269.0,955.0
4654,0,4655,0,Plaques,1.0,0.0,1524.0,951.1667,6.0,1523.0,950.0,1526.0,953.0
4655,0,4656,0,Plaques,1.0,0.0,493.63635,951.9091,11.0,492.0,951.0,496.0,954.0
4656,0,4657,0,Plaques,1.0,0.0,689.5,951.5,4.0,689.0,951.0,691.0,953.0
4657,0,4658,0,Plaques,1.0,0.0,1231.5,952.0,6.0,1231.0,951.0,1233.0,954.0
4658,0,4659,0,Plaques,1.0,0.0,1277.6364,952.0909,11.0,1276.0,951.0,1280.0,954.0
4659,0,4660,0,Plaques,1.0,0.0,1313.3846,952.38464,13.0,1312.0,951.0,1316.0,955.0
4660,0,4661,0,Plaques,1.0,0.0,1352.6666,951.3333,3.0,1352.0,951.0,1354.0,953.0
4661,0,4662,0,Plaques,1.0,0.0,649.5,952.5,4.0,649.0,952.0,651.0,954.0
4662,0,4663,0,Plaques,1.0,0.0,725.8,952.4,5.0,725.0,952.0,728.0,954.0
4663,0,4664,0,Plaques,1.0,0.0,876.2857,954.5,28.0,874.0,952.0,880.0,959.0
4664,0,4665,0,Plaques,1.0,0.0,1125.9623,956.60376,53.0,1122.0,952.0,1131.0,964.0
4665,0,4666,0,Plaques,1.0,0.0,1195.4166,953.75,12.0,1194.0,952.0,1198.0,956.0
4666,0,4667,0,Plaques,1.0,0.0,1202.4615,953.9231,13.0,1201.0,952.0,1205.0,957.0
4667,0,4668,0,Plaques,1.0,0.0,1373.5,953.0,6.0,1373.0,952.0,1375.0,955.0
4668,0,4669,0,Plaques,1.0,0.0,569.5,956.6071,28.0,567.0,953.0,573.0,960.0
4669,0,4670,0,Plaques,1.0,0.0,585.8889,955.2778,18.0,584.0,953.0,589.0,958.0
4670,0,4671,0,Plaques,1.0,0.0,743.25,954.0,4.0,743.0,953.0,745.0,956.0
4671,0,4672,0,Plaques,1.0,0.0,812.5,953.5,4.0,812.0,953.0,814.0,955.0
4672,0,4673,0,Plaques,1.0,0.0,827.5,953.5,4.0,827.0,953.0,829.0,955.0
4673,0,4674,0,Plaques,1.0,0.0,1104.3513,956.08105,37.0,1100.0,953.0,1110.0,960.0
4674,0,4675,0,Plaques,1.0,0.0,1258.85,955.9,20.0,1257.0,953.0,1261.0,960.0
4675,0,4676,0,Plaques,1.0,0.0,1348.6666,954.55554,9.0,1347.0,953.0,1351.0,957.0
4676,0,4677,0,Plaques,1.0,0.0,1393.5,954.0,6.0,1393.0,953.0,1395.0,956.0
4677,0,4678,0,Plaques,1.0,0.0,559.30615,957.89795,49.0,555.0,954.0,564.0,963.0
4678,0,4679,0,Plaques,1.0,0.0,632.8,955.0,10.0,631.0,954.0,635.0,957.0
4679,0,4680,0,Plaques,1.0,0.0,643.1667,955.1667,6.0,642.0,954.0,645.0,957.0
4680,0,4681,0,Plaques,1.0,0.0,885.0,954.5,6.0,884.0,954.0,887.0,956.0
4681,0,4682,0,Plaques,1.0,0.0,1209.1875,955.5,16.0,1207.0,954.0,1212.0,958.0
4682,0,4683,0,Plaques,1.0,0.0,1287.579,957.7895,19.0,1286.0,954.0,1290.0,962.0
4683,0,4684,0,Plaques,1.0,0.0,1358.0,954.7143,7.0,1357.0,954.0,1360.0,957.0
4684,0,4685,0,Plaques,1.0,0.0,356.0,956.2,10.0,355.0,955.0,358.0,959.0
4685,0,4686,0,Plaques,1.0,0.0,660.3333,956.8333,18.0,659.0,955.0,663.0,960.0
4686,0,4687,0,Plaques,1.0,0.0,665.86664,957.4667,15.0,664.0,955.0,668.0,961.0
4687,0,4688,0,Plaques,1.0,0.0,1174.171,962.9737,76.0,1169.0,955.0,1179.0,973.0
4688,0,4689,0,Plaques,1.0,0.0,1190.6666,955.3333,3.0,1190.0,955.0,1192.0,957.0
4689,0,4690,0,Plaques,1.0,0.0,1228.125,956.75,8.0,1227.0,955.0,1230.0,959.0
4690,0,4691,0,Plaques,1.0,0.0,1327.0,955.7143,7.0,1326.0,955.0,1329.0,958.0
4691,0,4692,0,Plaques,1.0,0.0,1367.6154,956.61536,13.0,1366.0,955.0,1370.0,959.0
4692,0,4693,0,Plaques,1.0,0.0,1475.25,956.0,4.0,1475.0,955.0,1477.0,958.0
4693,0,4694,0,Plaques,1.0,0.0,139.63637,957.0909,11.0,138.0,956.0,142.0,959.0
4694,0,4695,0,Plaques,1.0,0.0,756.5,956.5,4.0,756.0,956.0,758.0,958.0
4695,0,4696,0,Plaques,1.0,0.0,904.5,956.5,4.0,904.0,956.0,906.0,958.0
4696,0,4697,0,Plaques,1.0,0.0,1162.68,959.32,25.0,1161.0,956.0,1165.0,964.0
4697,0,4698,0,Plaques,1.0,0.0,1185.9512,960.1707,41.0,1180.0,956.0,1191.0,967.0
4698,0,4699,0,Plaques,1.0,0.0,1233.5,958.55,20.0,1231.0,956.0,1237.0,962.0
4699,0,4700,0,Plaques,1.0,0.0,1241.0714,960.1071,28.0,1238.0,956.0,1245.0,965.0
4700,0,4701,0,Plaques,1.0,0.0,1265.5555,957.7778,9.0,1264.0,956.0,1268.0,960.0
4701,0,4702,0,Plaques,1.0,0.0,1296.7222,957.6111,18.0,1294.0,956.0,1300.0,960.0
4702,0,4703,0,Plaques,1.0,0.0,1416.3334,956.3333,3.0,1416.0,956.0,1418.0,958.0
4703,0,4704,0,Plaques,1.0,0.0,1509.7,957.35,20.0,1506.0,956.0,1514.0,960.0
4704,0,4705,0,Plaques,1.0,0.0,1548.0,956.7143,7.0,1547.0,956.0,1550.0,959.0
4705,0,4706,0,Plaques,1.0,0.0,1588.3334,956.6667,3.0,1588.0,956.0,1590.0,958.0
4706,0,4707,0,Plaques,1.0,0.0,520.25,958.0,4.0,520.0,957.0,522.0,960.0
4707,0,4708,0,Plaques,1.0,0.0,580.3077,958.0,13.0,578.0,957.0,583.0,960.0
4708,0,4709,0,Plaques,1.0,0.0,650.0,958.5,8.0,649.0,957.0,652.0,961.0
4709,0,4710,0,Plaques,1.0,0.0,654.9231,958.8461,13.0,653.0,957.0,657.0,962.0
4710,0,4711,0,Plaques,1.0,0.0,780.3333,957.6667,3.0,780.0,957.0,782.0,959.0
4711,0,4712,0,Plaques,1.0,0.0,786.0,958.0,5.0,785.0,957.0,788.0,960.0
4712,0,4713,0,Plaques,1.0,0.0,1220.9474,960.0,19.0,1219.0,957.0,1224.0,964.0
4713,0,4714,0,Plaques,1.0,0.0,1352.1111,958.3333,9.0,1351.0,957.0,1354.0,961.0
4714,0,4715,0,Plaques,1.0,0.0,1471.5,957.5,4.0,1471.0,957.0,1473.0,959.0
4715,0,4716,0,Plaques,1.0,0.0,1566.5,958.0,6.0,1566.0,957.0,1568.0,960.0
4716,0,4717,0,Plaques,1.0,0.0,547.40625,962.53125,32.0,545.0,958.0,551.0,967.0
4717,0,4718,0,Plaques,1.0,0.0,673.94446,959.7222,18.0,671.0,958.0,677.0,962.0
4718,0,4719,0,Plaques,1.0,0.0,1136.8889,959.6667,9.0,1136.0,958.0,1139.0,962.0
4719,0,4720,0,Plaques,1.0,0.0,1271.0,958.7143,7.0,1270.0,958.0,1273.0,961.0
4720,0,4721,0,Plaques,1.0,0.0,1311.125,959.875,8.0,1310.0,958.0,1313.0,963.0
4721,0,4722,0,Plaques,1.0,0.0,1390.6666,958.6667,3.0,1390.0,958.0,1392.0,960.0
4722,0,4723,0,Plaques,1.0,0.0,1457.6666,958.3333,3.0,1457.0,958.0,1459.0,960.0
4723,0,4724,0,Plaques,1.0,0.0,1500.0,959.5,8.0,1499.0,958.0,1502.0,962.0
4724,0,4725,0,Plaques,1.0,0.0,1525.0,958.5,6.0,1524.0,958.0,1527.0,960.0
4725,0,4726,0,Plaques,1.0,0.0,1557.8334,959.1667,6.0,1557.0,958.0,1560.0,961.0
4726,0,4727,0,Plaques,1.0,0.0,223.6,959.8,5.0,223.0,959.0,225.0,962.0
4727,0,4728,0,Plaques,1.0,0.0,700.1111,960.6667,9.0,699.0,959.0,702.0,963.0
4728,0,4729,0,Plaques,1.0,0.0,1108.8334,959.8333,6.0,1108.0,959.0,1111.0,962.0
4729,0,4730,0,Plaques,1.0,0.0,1155.4314,965.5294,51.0,1152.0,959.0,1160.0,974.0
4730,0,4731,0,Plaques,1.0,0.0,1196.6818,960.6818,22.0,1193.0,959.0,1201.0,964.0
4731,0,4732,0,Plaques,1.0,0.0,1205.5,960.0,10.0,1204.0,959.0,1208.0,962.0
4732,0,4733,0,Plaques,1.0,0.0,1430.8334,960.1667,6.0,1430.0,959.0,1433.0,962.0
4733,0,4734,0,Plaques,1.0,0.0,1553.6666,959.6667,3.0,1553.0,959.0,1555.0,961.0
4734,0,4735,0,Plaques,1.0,0.0,766.5,960.5,4.0,766.0,960.0,768.0,962.0
4735,0,4736,0,Plaques,1.0,0.0,1210.102,964.40814,49.0,1205.0,960.0,1216.0,970.0
4736,0,4737,0,Plaques,1.0,0.0,603.0,962.0,9.0,602.0,961.0,605.0,964.0
4737,0,4738,0,Plaques,1.0,0.0,694.2857,962.0,7.0,693.0,961.0,696.0,964.0
4738,0,4739,0,Plaques,1.0,0.0,1281.6,963.3,10.0,1280.0,961.0,1284.0,967.0
4739,0,4740,0,Plaques,1.0,0.0,1425.2858,962.0,7.0,1424.0,961.0,1427.0,964.0
4740,0,4741,0,Plaques,1.0,0.0,1449.0,962.0,5.0,1448.0,961.0,1451.0,964.0
4741,0,4742,0,Plaques,1.0,0.0,1491.9166,961.75,12.0,1490.0,961.0,1495.0,964.0
4742,0,4743,0,Plaques,1.0,0.0,1649.5,961.5,4.0,1649.0,961.0,1651.0,963.0
4743,0,4744,0,Plaques,1.0,0.0,534.5,962.5,4.0,534.0,962.0,536.0,964.0
4744,0,4745,0,Plaques,1.0,0.0,574.3571,963.7857,14.0,573.0,962.0,577.0,967.0
4745,0,4746,0,Plaques,1.0,0.0,680.0,964.0,17.0,678.0,962.0,683.0,967.0
4746,0,4747,0,Plaques,1.0,0.0,895.7143,963.0,7.0,895.0,962.0,898.0,965.0
4747,0,4748,0,Plaques,1.0,0.0,1182.2858,965.2143,14.0,1181.0,962.0,1185.0,968.0
4748,0,4749,0,Plaques,1.0,0.0,1245.8462,967.75,52.0,1238.0,962.0,1255.0,974.0
4749,0,4750,0,Plaques,1.0,0.0,1258.5,964.0,16.0,1257.0,962.0,1261.0,967.0
4750,0,4751,0,Plaques,1.0,0.0,1356.5,963.0,6.0,1356.0,962.0,1358.0,965.0
4751,0,4752,0,Plaques,1.0,0.0,1442.0,963.2857,7.0,1441.0,962.0,1444.0,965.0
4752,0,4753,0,Plaques,1.0,0.0,450.5,963.5,4.0,450.0,963.0,452.0,965.0
4753,0,4754,0,Plaques,1.0,0.0,530.4,964.2,5.0,530.0,963.0,532.0,966.0
4754,0,4755,0,Plaques,1.0,0.0,665.0,964.5,12.0,664.0,963.0,667.0,967.0
4755,0,4756,0,Plaques,1.0,0.0,882.5,964.0,10.0,881.0,963.0,885.0,966.0
4756,0,4757,0,Plaques,1.0,0.0,1109.0,964.2857,7.0,1108.0,963.0,1111.0,966.0
4757,0,4758,0,Plaques,1.0,0.0,1120.3125,965.0625,16.0,1118.0,963.0,1123.0,968.0
4758,0,4759,0,Plaques,1.0,0.0,1146.037,964.9259,27.0,1141.0,963.0,1151.0,968.0
4759,0,4760,0,Plaques,1.0,0.0,1228.7778,964.1111,9.0,1228.0,963.0,1231.0,967.0
4760,0,4761,0,Plaques,1.0,0.0,1318.0,964.0,9.0,1317.0,963.0,1320.0,966.0
4761,0,4762,0,Plaques,1.0,0.0,1581.6666,963.6667,3.0,1581.0,963.0,1583.0,965.0
4762,0,4763,0,Plaques,1.0,0.0,626.1667,965.1667,6.0,625.0,964.0,628.0,967.0
4763,0,4764,0,Plaques,1.0,0.0,781.5,964.5,4.0,781.0,964.0,783.0,966.0
4764,0,4765,0,Plaques,1.0,0.0,1327.0,965.1539,13.0,1325.0,964.0,1330.0,967.0
4765,0,4766,0,Plaques,1.0,0.0,1434.6154,965.61536,13.0,1433.0,964.0,1437.0,968.0
4766,0,4767,0,Plaques,1.0,0.0,557.0222,968.7111,45.0,553.0,965.0,561.0,973.0
4767,0,4768,0,Plaques,1.0,0.0,567.0,966.2857,7.0,566.0,965.0,569.0,968.0
4768,0,4769,0,Plaques,1.0,0.0,647.73914,967.1739,23.0,645.0,965.0,652.0,970.0
4769,0,4770,0,Plaques,1.0,0.0,760.0,966.2,10.0,759.0,965.0,762.0,969.0
4770,0,4771,0,Plaques,1.0,0.0,1194.875,966.125,8.0,1194.0,965.0,1197.0,968.0
4771,0,4772,0,Plaques,1.0,0.0,1268.5333,965.93335,15.0,1266.0,965.0,1272.0,968.0
4772,0,4773,0,Plaques,1.0,0.0,1302.0,966.2273,22.0,1299.0,965.0,1306.0,969.0
4773,0,4774,0,Plaques,1.0,0.0,1555.7561,966.9268,41.0,1550.0,965.0,1562.0,970.0
4774,0,4775,0,Plaques,1.0,0.0,246.5,966.5,4.0,246.0,966.0,248.0,968.0
4775,0,4776,0,Plaques,1.0,0.0,481.83334,967.1667,6.0,481.0,966.0,484.0,969.0
4776,0,4777,0,Plaques,1.0,0.0,515.4,967.2,5.0,515.0,966.0,517.0,969.0
4777,0,4778,0,Plaques,1.0,0.0,581.75,967.4167,12.0,580.0,966.0,584.0,970.0
4778,0,4779,0,Plaques,1.0,0.0,1113.75,967.6875,16.0,1112.0,966.0,1117.0,970.0
4779,0,4780,0,Plaques,1.0,0.0,1201.3,967.2,10.0,1200.0,966.0,1204.0,969.0
4780,0,4781,0,Plaques,1.0,0.0,1311.875,967.125,8.0,1311.0,966.0,1314.0,969.0
4781,0,4782,0,Plaques,1.0,0.0,1336.4375,971.3958,48.0,1331.0,966.0,1343.0,978.0
4782,0,4783,0,Plaques,1.0,0.0,1526.3334,966.6667,3.0,1526.0,966.0,1528.0,968.0
4783,0,4784,0,Plaques,1.0,0.0,661.12823,971.4103,39.0,658.0,967.0,665.0,976.0
4784,0,4785,0,Plaques,1.0,0.0,676.5,968.0,6.0,676.0,967.0,678.0,970.0
4785,0,4786,0,Plaques,1.0,0.0,810.5,967.5,4.0,810.0,967.0,812.0,969.0
4786,0,4787,0,Plaques,1.0,0.0,860.5,967.5,4.0,860.0,967.0,862.0,969.0
4787,0,4788,0,Plaques,1.0,0.0,1293.1578,969.0526,19.0,1291.0,967.0,1297.0,972.0
4788,0,4789,0,Plaques,1.0,0.0,1532.5,967.5,4.0,1532.0,967.0,1534.0,969.0
4789,0,4790,0,Plaques,1.0,0.0,590.9268,971.70734,41.0,588.0,968.0,594.0,977.0
4790,0,4791,0,Plaques,1.0,0.0,688.0,969.0,9.0,687.0,968.0,690.0,971.0
4791,0,4792,0,Plaques,1.0,0.0,839.0,969.5,8.0,838.0,968.0,841.0,972.0
4792,0,4793,0,Plaques,1.0,0.0,1226.0,968.25,4.0,1225.0,968.0,1228.0,970.0
4793,0,4794,0,Plaques,1.0,0.0,1277.5,969.0,10.0,1276.0,968.0,1280.0,971.0
4794,0,4795,0,Plaques,1.0,0.0,1325.25,969.0,4.0,1325.0,968.0,1327.0,971.0
4795,0,4796,0,Plaques,1.0,0.0,1371.0,968.5,6.0,1370.0,968.0,1373.0,970.0
4796,0,4797,0,Plaques,1.0,0.0,699.125,969.875,8.0,698.0,969.0,701.0,972.0
4797,0,4798,0,Plaques,1.0,0.0,826.25,970.0,4.0,826.0,969.0,828.0,972.0
4798,0,4799,0,Plaques,1.0,0.0,1118.75,970.25,8.0,1117.0,969.0,1121.0,972.0
4799,0,4800,0,Plaques,1.0,0.0,1143.6,969.8,5.0,1143.0,969.0,1145.0,972.0
4800,0,4801,0,Plaques,1.0,0.0,1163.0546,973.8182,55.0,1156.0,969.0,1169.0,979.0
4801,0,4802,0,Plaques,1.0,0.0,1229.6666,969.8333,6.0,1229.0,969.0,1232.0,972.0
4802,0,4803,0,Plaques,1.0,0.0,1273.3158,971.8947,19.0,1271.0,969.0,1277.0,976.0
4803,0,4804,0,Plaques,1.0,0.0,1423.6666,969.6667,3.0,1423.0,969.0,1425.0,971.0
4804,0,4805,0,Plaques,1.0,0.0,1537.5,969.5,4.0,1537.0,969.0,1539.0,971.0
4805,0,4806,0,Plaques,1.0,0.0,452.5,970.5,4.0,452.0,970.0,454.0,972.0
4806,0,4807,0,Plaques,1.0,0.0,605.5,970.5,4.0,605.0,970.0,607.0,972.0
4807,0,4808,0,Plaques,1.0,0.0,653.8333,970.8333,6.0,653.0,970.0,656.0,973.0
4808,0,4809,0,Plaques,1.0,0.0,767.1667,970.8333,6.0,766.0,970.0,769.0,973.0
4809,0,4810,0,Plaques,1.0,0.0,803.63635,971.0909,11.0,802.0,970.0,806.0,973.0
4810,0,4811,0,Plaques,1.0,0.0,830.5,970.8,10.0,829.0,970.0,833.0,973.0
4811,0,4812,0,Plaques,1.0,0.0,1189.5,971.0,6.0,1189.0,970.0,1191.0,973.0
4812,0,4813,0,Plaques,1.0,0.0,1261.875,970.875,8.0,1261.0,970.0,1264.0,973.0
4813,0,4814,0,Plaques,1.0,0.0,1351.6,971.2,5.0,1351.0,970.0,1353.0,973.0
4814,0,4815,0,Plaques,1.0,0.0,1544.0,971.0,9.0,1543.0,970.0,1546.0,973.0
4815,0,4816,0,Plaques,1.0,0.0,1581.6666,970.6667,3.0,1581.0,970.0,1583.0,972.0
4816,0,4817,0,Plaques,1.0,0.0,645.0909,972.36365,11.0,644.0,971.0,647.0,975.0
4817,0,4818,0,Plaques,1.0,0.0,1214.3871,973.3871,31.0,1211.0,971.0,1220.0,977.0
4818,0,4819,0,Plaques,1.0,0.0,1310.5,971.5,4.0,1310.0,971.0,1312.0,973.0
4819,0,4820,0,Plaques,1.0,0.0,241.58333,972.8333,12.0,240.0,972.0,245.0,975.0
4820,0,4821,0,Plaques,1.0,0.0,540.5,972.5,4.0,540.0,972.0,542.0,974.0
4821,0,4822,0,Plaques,1.0,0.0,571.6667,974.4167,12.0,570.0,972.0,574.0,978.0
4822,0,4823,0,Plaques,1.0,0.0,583.5,972.5,4.0,583.0,972.0,585.0,974.0
4823,0,4824,0,Plaques,1.0,0.0,1197.5,972.5,4.0,1197.0,972.0,1199.0,974.0
4824,0,4825,0,Plaques,1.0,0.0,1227.5,974.3125,16.0,1226.0,972.0,1230.0,978.0
4825,0,4826,0,Plaques,1.0,0.0,1326.9375,973.75,16.0,1325.0,972.0,1330.0,977.0
4826,0,4827,0,Plaques,1.0,0.0,1463.5,973.0,6.0,1463.0,972.0,1465.0,975.0
4827,0,4828,0,Plaques,1.0,0.0,1470.5,972.5,4.0,1470.0,972.0,1472.0,974.0
4828,0,4829,0,Plaques,1.0,0.0,443.0,973.5,6.0,442.0,973.0,445.0,975.0
4829,0,4830,0,Plaques,1.0,0.0,637.0,975.4,20.0,635.0,973.0,640.0,979.0
4830,0,4831,0,Plaques,1.0,0.0,1113.6,973.8,5.0,1113.0,973.0,1115.0,976.0
4831,0,4832,0,Plaques,1.0,0.0,1183.1818,974.7727,22.0,1179.0,973.0,1187.0,977.0
4832,0,4833,0,Plaques,1.0,0.0,1282.5,975.0,16.0,1281.0,973.0,1285.0,978.0
4833,0,4834,0,Plaques,1.0,0.0,1360.0,973.75,4.0,1359.0,973.0,1362.0,975.0
4834,0,4835,0,Plaques,1.0,0.0,1144.3334,974.3333,3.0,1144.0,974.0,1146.0,976.0
4835,0,4836,0,Plaques,1.0,0.0,1148.5,974.5,4.0,1148.0,974.0,1150.0,976.0
4836,0,4837,0,Plaques,1.0,0.0,1504.0,975.5,16.0,1502.0,974.0,1507.0,978.0
4837,0,4838,0,Plaques,1.0,0.0,1550.6154,975.61536,13.0,1549.0,974.0,1553.0,978.0
4838,0,4839,0,Plaques,1.0,0.0,1562.5883,976.2353,17.0,1561.0,974.0,1566.0,979.0
4839,0,4840,0,Plaques,1.0,0.0,612.8,976.0,10.0,611.0,975.0,615.0,978.0
4840,0,4841,0,Plaques,1.0,0.0,671.0,976.0,5.0,670.0,975.0,673.0,978.0
4841,0,4842,0,Plaques,1.0,0.0,704.0,975.7143,7.0,703.0,975.0,706.0,978.0
4842,0,4843,0,Plaques,1.0,0.0,758.5,976.0,6.0,758.0,975.0,760.0,978.0
4843,0,4844,0,Plaques,1.0,0.0,1131.0,976.2,10.0,1130.0,975.0,1133.0,979.0
4844,0,4845,0,Plaques,1.0,0.0,1140.5,976.5,12.0,1139.0,975.0,1143.0,979.0
4845,0,4846,0,Plaques,1.0,0.0,1170.5,975.8,10.0,1169.0,975.0,1173.0,978.0
4846,0,4847,0,Plaques,1.0,0.0,1193.5834,976.1667,12.0,1192.0,975.0,1197.0,978.0
4847,0,4848,0,Plaques,1.0,0.0,1239.6364,976.0909,11.0,1238.0,975.0,1242.0,978.0
4848,0,4849,0,Plaques,1.0,0.0,1264.125,976.5,8.0,1263.0,975.0,1266.0,979.0
4849,0,4850,0,Plaques,1.0,0.0,1456.238,977.381,21.0,1454.0,975.0,1459.0,981.0
4850,0,4851,0,Plaques,1.0,0.0,1530.7142,976.0,7.0,1530.0,975.0,1533.0,978.0
4851,0,4852,0,Plaques,1.0,0.0,1540.6666,975.3333,3.0,1540.0,975.0,1542.0,977.0
4852,0,4853,0,Plaques,1.0,0.0,548.1667,977.1667,6.0,547.0,976.0,550.0,979.0
4853,0,4854,0,Plaques,1.0,0.0,558.9655,980.4828,58.0,555.0,976.0,564.0,986.0
4854,0,4855,0,Plaques,1.0,0.0,832.5851,981.59576,94.0,826.0,976.0,840.0,991.0
4855,0,4856,0,Plaques,1.0,0.0,1270.5,976.5,4.0,1270.0,976.0,1272.0,978.0
4856,0,4857,0,Plaques,1.0,0.0,1313.3334,977.1111,9.0,1312.0,976.0,1316.0,979.0
4857,0,4858,0,Plaques,1.0,0.0,568.5294,981.5294,51.0,565.0,977.0,573.0,986.0
4858,0,4859,0,Plaques,1.0,0.0,579.5714,978.2857,7.0,579.0,977.0,581.0,981.0
4859,0,4860,0,Plaques,1.0,0.0,619.6,978.2,5.0,619.0,977.0,621.0,980.0
4860,0,4861,0,Plaques,1.0,0.0,643.8333,978.0,6.0,643.0,977.0,646.0,980.0
4861,0,4862,0,Plaques,1.0,0.0,1200.5,977.5,4.0,1200.0,977.0,1202.0,979.0
4862,0,4863,0,Plaques,1.0,0.0,1300.8846,978.88464,26.0,1297.0,977.0,1306.0,982.0
4863,0,4864,0,Plaques,1.0,0.0,1544.125,977.875,8.0,1543.0,977.0,1546.0,980.0
4864,0,4865,0,Plaques,1.0,0.0,682.4,978.8,5.0,682.0,978.0,684.0,981.0
4865,0,4866,0,Plaques,1.0,0.0,719.5,978.5,4.0,719.0,978.0,721.0,980.0
4866,0,4867,0,Plaques,1.0,0.0,794.5,979.0,6.0,794.0,978.0,796.0,981.0
4867,0,4868,0,Plaques,1.0,0.0,817.5,978.5,4.0,817.0,978.0,819.0,980.0
4868,0,4869,0,Plaques,1.0,0.0,852.8182,979.4545,11.0,851.0,978.0,855.0,982.0
4869,0,4870,0,Plaques,1.0,0.0,1088.254,983.0952,63.0,1083.0,978.0,1093.0,989.0
4870,0,4871,0,Plaques,1.0,0.0,1145.75,982.5,80.0,1137.0,978.0,1158.0,989.0
4871,0,4872,0,Plaques,1.0,0.0,1220.8182,979.5455,11.0,1219.0,978.0,1223.0,982.0
4872,0,4873,0,Plaques,1.0,0.0,1231.6,979.93335,15.0,1230.0,978.0,1234.0,983.0
4873,0,4874,0,Plaques,1.0,0.0,1331.6111,979.8889,18.0,1329.0,978.0,1335.0,983.0
4874,0,4875,0,Plaques,1.0,0.0,1436.0,978.5,6.0,1435.0,978.0,1438.0,980.0
4875,0,4876,0,Plaques,1.0,0.0,647.55554,980.3333,9.0,646.0,979.0,650.0,982.0
4876,0,4877,0,Plaques,1.0,0.0,779.0909,980.36365,11.0,778.0,979.0,781.0,983.0
4877,0,4878,0,Plaques,1.0,0.0,1133.6316,981.5789,19.0,1131.0,979.0,1137.0,985.0
4878,0,4879,0,Plaques,1.0,0.0,1537.3334,980.5333,15.0,1535.0,979.0,1540.0,983.0
4879,0,4880,0,Plaques,1.0,0.0,603.6667,980.3333,3.0,603.0,980.0,605.0,982.0
4880,0,4881,0,Plaques,1.0,0.0,680.1083,992.65466,194.0,665.0,980.0,694.0,1007.0
4881,0,4882,0,Plaques,1.0,0.0,700.38464,981.38464,13.0,699.0,980.0,703.0,984.0
4882,0,4883,0,Plaques,1.0,0.0,743.5,980.5,4.0,743.0,980.0,745.0,982.0
4883,0,4884,0,Plaques,1.0,0.0,1125.2,981.7,10.0,1124.0,980.0,1127.0,985.0
4884,0,4885,0,Plaques,1.0,0.0,1187.6,982.06665,15.0,1186.0,980.0,1190.0,985.0
4885,0,4886,0,Plaques,1.0,0.0,1267.8422,982.2632,19.0,1266.0,980.0,1270.0,986.0
4886,0,4887,0,Plaques,1.0,0.0,1461.5,980.5,4.0,1461.0,980.0,1463.0,982.0
4887,0,4888,0,Plaques,1.0,0.0,1587.5,980.5,4.0,1587.0,980.0,1589.0,982.0
4888,0,4889,0,Plaques,1.0,0.0,786.0,981.7143,7.0,785.0,981.0,788.0,984.0
4889,0,4890,0,Plaques,1.0,0.0,1174.6571,985.6,35.0,1171.0,981.0,1179.0,992.0
4890,0,4891,0,Plaques,1.0,0.0,1513.0,981.5,6.0,1512.0,981.0,1515.0,983.0
4891,0,4892,0,Plaques,1.0,0.0,1602.5,981.5,4.0,1602.0,981.0,1604.0,983.0
4892,0,4893,0,Plaques,1.0,0.0,609.3333,982.3333,3.0,609.0,982.0,611.0,984.0
4893,0,4894,0,Plaques,1.0,0.0,617.0645,985.2258,31.0,614.0,982.0,621.0,989.0
4894,0,4895,0,Plaques,1.0,0.0,642.125,982.875,8.0,641.0,982.0,644.0,985.0
4895,0,4896,0,Plaques,1.0,0.0,660.7143,983.5,14.0,659.0,982.0,663.0,986.0
4896,0,4897,0,Plaques,1.0,0.0,689.16,984.28,25.0,686.0,982.0,693.0,987.0
4897,0,4898,0,Plaques,1.0,0.0,817.5,983.0,6.0,817.0,982.0,819.0,985.0
4898,0,4899,0,Plaques,1.0,0.0,1295.2858,983.2857,7.0,1294.0,982.0,1297.0,986.0
4899,0,4900,0,Plaques,1.0,0.0,1304.875,983.125,8.0,1304.0,982.0,1307.0,985.0
4900,0,4901,0,Plaques,1.0,0.0,1314.0,982.5,6.0,1313.0,982.0,1316.0,984.0
4901,0,4902,0,Plaques,1.0,0.0,1503.0,982.5,6.0,1502.0,982.0,1505.0,984.0
4902,0,4903,0,Plaques,1.0,0.0,1553.8334,983.1667,6.0,1553.0,982.0,1556.0,985.0
4903,0,4904,0,Plaques,1.0,0.0,588.0,983.7143,7.0,587.0,983.0,590.0,986.0
4904,0,4905,0,Plaques,1.0,0.0,1162.6,986.8,25.0,1160.0,983.0,1167.0,991.0
4905,0,4906,0,Plaques,1.0,0.0,1207.6364,984.5455,11.0,1206.0,983.0,1210.0,987.0
4906,0,4907,0,Plaques,1.0,0.0,1260.3334,985.6667,21.0,1259.0,983.0,1263.0,990.0
4907,0,4908,0,Plaques,1.0,0.0,1539.5,983.5,4.0,1539.0,983.0,1541.0,985.0
4908,0,4909,0,Plaques,1.0,0.0,1610.6,983.8,5.0,1610.0,983.0,1612.0,986.0
4909,0,4910,0,Plaques,1.0,0.0,773.2857,985.0,7.0,772.0,984.0,775.0,987.0
4910,0,4911,0,Plaques,1.0,0.0,1148.5,985.0,6.0,1148.0,984.0,1150.0,987.0
4911,0,4912,0,Plaques,1.0,0.0,1224.125,985.125,8.0,1223.0,984.0,1226.0,987.0
4912,0,4913,0,Plaques,1.0,0.0,1334.6666,985.2222,9.0,1333.0,984.0,1337.0,987.0
4913,0,4914,0,Plaques,1.0,0.0,551.0,986.0,9.0,550.0,985.0,553.0,988.0
4914,0,4915,0,Plaques,1.0,0.0,579.45,989.625,40.0,577.0,985.0,584.0,995.0
4915,0,4916,0,Plaques,1.0,0.0,594.875,986.125,8.0,594.0,985.0,597.0,988.0
4916,0,4917,0,Plaques,1.0,0.0,680.2,985.6,5.0,679.0,985.0,682.0,987.0
4917,0,4918,0,Plaques,1.0,0.0,814.5517,987.2414,29.0,812.0,985.0,818.0,991.0
4918,0,4919,0,Plaques,1.0,0.0,1558.3334,985.3333,3.0,1558.0,985.0,1560.0,987.0
4919,0,4920,0,Plaques,1.0,0.0,1584.45,987.85,20.0,1582.0,985.0,1588.0,991.0
4920,0,4921,0,Plaques,1.0,0.0,638.875,989.2083,24.0,637.0,986.0,642.0,994.0
4921,0,4922,0,Plaques,1.0,0.0,663.67645,989.0,34.0,661.0,986.0,667.0,993.0
4922,0,4923,0,Plaques,1.0,0.0,841.0,986.75,4.0,840.0,986.0,843.0,988.0
4923,0,4924,0,Plaques,1.0,0.0,1196.5555,987.7778,18.0,1194.0,986.0,1200.0,991.0
4924,0,4925,0,Plaques,1.0,0.0,1215.3334,986.3333,3.0,1215.0,986.0,1217.0,988.0
4925,0,4926,0,Plaques,1.0,0.0,1274.1818,987.1818,11.0,1273.0,986.0,1277.0,990.0
4926,0,4927,0,Plaques,1.0,0.0,1323.2,987.0,10.0,1322.0,986.0,1326.0,989.0
4927,0,4928,0,Plaques,1.0,0.0,1348.5,986.5,4.0,1348.0,986.0,1350.0,988.0
4928,0,4929,0,Plaques,1.0,0.0,445.5,988.0,6.0,445.0,987.0,447.0,990.0
4929,0,4930,0,Plaques,1.0,0.0,702.5,988.2,10.0,701.0,987.0,705.0,990.0
4930,0,4931,0,Plaques,1.0,0.0,714.3333,987.3333,3.0,714.0,987.0,716.0,989.0
4931,0,4932,0,Plaques,1.0,0.0,791.38464,988.38464,13.0,790.0,987.0,794.0,991.0
4932,0,4933,0,Plaques,1.0,0.0,1085.0,987.5,6.0,1084.0,987.0,1087.0,989.0
4933,0,4934,0,Plaques,1.0,0.0,1129.5,987.5,4.0,1129.0,987.0,1131.0,989.0
4934,0,4935,0,Plaques,1.0,0.0,1184.5,987.5,4.0,1184.0,987.0,1186.0,989.0
4935,0,4936,0,Plaques,1.0,0.0,1231.8334,988.1667,6.0,1231.0,987.0,1234.0,990.0
4936,0,4937,0,Plaques,1.0,0.0,1279.1666,988.1667,6.0,1278.0,987.0,1281.0,990.0
4937,0,4938,0,Plaques,1.0,0.0,1285.3846,988.61536,13.0,1284.0,987.0,1288.0,991.0
4938,0,4939,0,Plaques,1.0,0.0,1299.2858,988.0,7.0,1298.0,987.0,1301.0,990.0
4939,0,4940,0,Plaques,1.0,0.0,1305.3334,988.55554,9.0,1304.0,987.0,1308.0,991.0
4940,0,4941,0,Plaques,1.0,0.0,1575.3334,987.3333,3.0,1575.0,987.0,1577.0,989.0
4941,0,4942,0,Plaques,1.0,0.0,170.7,989.9,20.0,169.0,988.0,174.0,993.0
4942,0,4943,0,Plaques,1.0,0.0,694.0,989.5,10.0,693.0,988.0,696.0,992.0
4943,0,4944,0,Plaques,1.0,0.0,780.5,989.5,14.0,779.0,988.0,783.0,992.0
4944,0,4945,0,Plaques,1.0,0.0,1156.7273,990.13635,22.0,1154.0,988.0,1160.0,993.0
4945,0,4946,0,Plaques,1.0,0.0,1315.5,988.5,4.0,1315.0,988.0,1317.0,990.0
4946,0,4947,0,Plaques,1.0,0.0,531.3333,989.6667,3.0,531.0,989.0,533.0,991.0
4947,0,4948,0,Plaques,1.0,0.0,538.6875,990.875,16.0,537.0,989.0,542.0,994.0
4948,0,4949,0,Plaques,1.0,0.0,1149.7778,990.1111,9.0,1149.0,989.0,1152.0,993.0
4949,0,4950,0,Plaques,1.0,0.0,1221.16,995.64,50.0,1218.0,989.0,1224.0,1004.0
4950,0,4951,0,Plaques,1.0,0.0,1241.7858,990.3571,14.0,1240.0,989.0,1245.0,993.0
4951,0,4952,0,Plaques,1.0,0.0,1294.0,990.5,8.0,1293.0,989.0,1296.0,993.0
4952,0,4953,0,Plaques,1.0,0.0,469.5,990.5,4.0,469.0,990.0,471.0,992.0
4953,0,4954,0,Plaques,1.0,0.0,605.6,991.2,5.0,605.0,990.0,607.0,993.0
4954,0,4955,0,Plaques,1.0,0.0,827.5,990.5,4.0,827.0,990.0,829.0,992.0
4955,0,4956,0,Plaques,1.0,0.0,1131.75,991.95,20.0,1130.0,990.0,1135.0,995.0
4956,0,4957,0,Plaques,1.0,0.0,1254.0,991.8,10.0,1253.0,990.0,1256.0,994.0
4957,0,4958,0,Plaques,1.0,0.0,1275.8889,991.6667,9.0,1275.0,990.0,1278.0,994.0
4958,0,4959,0,Plaques,1.0,0.0,1326.2858,991.0,7.0,1325.0,990.0,1328.0,993.0
4959,0,4960,0,Plaques,1.0,0.0,767.75,992.9167,12.0,767.0,991.0,770.0,996.0
4960,0,4961,0,Plaques,1.0,0.0,1093.8948,992.5789,19.0,1092.0,991.0,1097.0,995.0
4961,0,4962,0,Plaques,1.0,0.0,1141.5579,998.30524,95.0,1136.0,991.0,1146.0,1011.0
4962,0,4963,0,Plaques,1.0,0.0,1188.6666,992.1111,9.0,1187.0,991.0,1191.0,994.0
4963,0,4964,0,Plaques,1.0,0.0,1248.2858,992.5,14.0,1247.0,991.0,1251.0,995.0
4964,0,4965,0,Plaques,1.0,0.0,1350.0,991.5,6.0,1349.0,991.0,1352.0,993.0
4965,0,4966,0,Plaques,1.0,0.0,1355.5,991.5,4.0,1355.0,991.0,1357.0,993.0
4966,0,4967,0,Plaques,1.0,0.0,1530.5,991.5,4.0,1530.0,991.0,1532.0,993.0
4967,0,4968,0,Plaques,1.0,0.0,1573.0,991.5,6.0,1572.0,991.0,1575.0,993.0
4968,0,4969,0,Plaques,1.0,0.0,568.0,993.5,10.0,567.0,992.0,570.0,996.0
4969,0,4970,0,Plaques,1.0,0.0,699.25,993.95,20.0,697.0,992.0,702.0,997.0
4970,0,4971,0,Plaques,1.0,0.0,738.8333,992.8333,6.0,738.0,992.0,741.0,995.0
4971,0,4972,0,Plaques,1.0,0.0,1204.6,992.8,5.0,1204.0,992.0,1206.0,995.0
4972,0,4973,0,Plaques,1.0,0.0,1213.8334,993.1667,6.0,1213.0,992.0,1216.0,995.0
4973,0,4974,0,Plaques,1.0,0.0,1608.5,992.5,4.0,1608.0,992.0,1610.0,994.0
4974,0,4975,0,Plaques,1.0,0.0,1284.5,994.5,12.0,1283.0,993.0,1287.0,997.0
4975,0,4976,0,Plaques,1.0,0.0,1319.8,994.0,10.0,1318.0,993.0,1322.0,996.0
4976,0,4977,0,Plaques,1.0,0.0,1547.5,993.5,4.0,1547.0,993.0,1549.0,995.0
4977,0,4978,0,Plaques,1.0,0.0,1563.5,994.5,12.0,1562.0,993.0,1566.0,997.0
4978,0,4979,0,Plaques,1.0,0.0,657.4839,998.0,31.0,655.0,994.0,661.0,1003.0
4979,0,4980,0,Plaques,1.0,0.0,720.7143,995.0,7.0,720.0,994.0,723.0,997.0
4980,0,4981,0,Plaques,1.0,0.0,732.2,994.4,5.0,731.0,994.0,734.0,996.0
4981,0,4982,0,Plaques,1.0,0.0,757.7692,996.61536,13.0,756.0,994.0,760.0,1000.0
4982,0,4983,0,Plaques,1.0,0.0,776.38464,995.38464,13.0,775.0,994.0,779.0,998.0
4983,0,4984,0,Plaques,1.0,0.0,1339.5,994.5,4.0,1339.0,994.0,1341.0,996.0
4984,0,4985,0,Plaques,1.0,0.0,514.2,995.4,5.0,513.0,995.0,516.0,997.0
4985,0,4986,0,Plaques,1.0,0.0,599.1111,996.1111,9.0,598.0,995.0,602.0,998.0
4986,0,4987,0,Plaques,1.0,0.0,644.125,996.125,8.0,643.0,995.0,646.0,998.0
4987,0,4988,0,Plaques,1.0,0.0,651.7143,996.0,7.0,651.0,995.0,654.0,998.0
4988,0,4989,0,Plaques,1.0,0.0,1604.375,996.25,8.0,1603.0,995.0,1607.0,998.0
4989,0,4990,0,Plaques,1.0,0.0,173.5,997.0,12.0,172.0,996.0,176.0,999.0
4990,0,4991,0,Plaques,1.0,0.0,449.8,996.6,5.0,449.0,996.0,452.0,998.0
4991,0,4992,0,Plaques,1.0,0.0,464.5,996.5,4.0,464.0,996.0,466.0,998.0
4992,0,4993,0,Plaques,1.0,0.0,668.7143,996.4286,7.0,667.0,996.0,671.0,998.0
4993,0,4994,0,Plaques,1.0,0.0,1082.5,997.0,14.0,1080.0,996.0,1086.0,999.0
4994,0,4995,0,Plaques,1.0,0.0,1127.5,997.5,14.0,1126.0,996.0,1130.0,1000.0
4995,0,4996,0,Plaques,1.0,0.0,1157.125,997.125,8.0,1156.0,996.0,1159.0,999.0
4996,0,4997,0,Plaques,1.0,0.0,1162.6666,997.0833,12.0,1161.0,996.0,1165.0,1000.0
4997,0,4998,0,Plaques,1.0,0.0,1474.5,997.0,6.0,1474.0,996.0,1476.0,999.0
4998,0,4999,0,Plaques,1.0,0.0,1171.6666,997.6667,3.0,1171.0,997.0,1173.0,999.0
4999,0,5000,0,Plaques,1.0,0.0,1297.8572,998.7857,14.0,1296.0,997.0,1301.0,1002.0
5000,0,5001,0,Plaques,1.0,0.0,1429.2,998.6,5.0,1428.0,998.0,1431.0,1000.0
5001,0,5002,0,Plaques,1.0,0.0,1594.75,1000.0,12.0,1593.0,998.0,1597.0,1003.0
5002,0,5003,0,Plaques,1.0,0.0,791.8333,1000.1667,6.0,791.0,999.0,794.0,1002.0
5003,0,5004,0,Plaques,1.0,0.0,797.8889,1000.3333,9.0,797.0,999.0,800.0,1003.0
5004,0,5005,0,Plaques,1.0,0.0,1249.0,1001.3077,13.0,1248.0,999.0,1251.0,1004.0
5005,0,5006,0,Plaques,1.0,0.0,1280.5217,1001.13043,23.0,1277.0,999.0,1286.0,1004.0
5006,0,5007,0,Plaques,1.0,0.0,1320.1666,999.8333,6.0,1319.0,999.0,1322.0,1002.0
5007,0,5008,0,Plaques,1.0,0.0,1579.5,999.5,4.0,1579.0,999.0,1581.0,1001.0
5008,0,5009,0,Plaques,1.0,0.0,585.6,1002.28,25.0,583.0,1000.0,589.0,1006.0
5009,0,5010,0,Plaques,1.0,0.0,608.3333,1000.3333,3.0,608.0,1000.0,610.0,1002.0
5010,0,5011,0,Plaques,1.0,0.0,620.8,1000.6,5.0,620.0,1000.0,623.0,1002.0
5011,0,5012,0,Plaques,1.0,0.0,631.6923,1001.0769,13.0,630.0,1000.0,635.0,1003.0
5012,0,5013,0,Plaques,1.0,0.0,645.6667,1000.3333,3.0,645.0,1000.0,647.0,1002.0
5013,0,5014,0,Plaques,1.0,0.0,661.0,1001.2857,7.0,660.0,1000.0,663.0,1003.0
5014,0,5015,0,Plaques,1.0,0.0,702.25,1002.69446,36.0,696.0,1000.0,707.0,1006.0
5015,0,5016,0,Plaques,1.0,0.0,722.6667,1000.3333,3.0,722.0,1000.0,724.0,1002.0
5016,0,5017,0,Plaques,1.0,0.0,1216.125,1000.875,8.0,1215.0,1000.0,1218.0,1003.0
5017,0,5018,0,Plaques,1.0,0.0,1523.5,1001.0,6.0,1523.0,1000.0,1525.0,1003.0
5018,0,5019,0,Plaques,1.0,0.0,1575.3334,1000.8889,9.0,1574.0,1000.0,1578.0,1003.0
5019,0,5020,0,Plaques,1.0,0.0,1617.5,1000.5,4.0,1617.0,1000.0,1619.0,1002.0
5020,0,5021,0,Plaques,1.0,0.0,1132.826,1002.86957,23.0,1129.0,1001.0,1137.0,1005.0
5021,0,5022,0,Plaques,1.0,0.0,1171.0,1002.0,9.0,1170.0,1001.0,1173.0,1004.0
5022,0,5023,0,Plaques,1.0,0.0,1234.875,1002.125,8.0,1234.0,1001.0,1237.0,1004.0
5023,0,5024,0,Plaques,1.0,0.0,1256.1111,1002.6667,9.0,1255.0,1001.0,1258.0,1005.0
5024,0,5025,0,Plaques,1.0,0.0,1290.125,1002.6875,16.0,1288.0,1001.0,1293.0,1006.0
5025,0,5026,0,Plaques,1.0,0.0,1514.5,1001.5,4.0,1514.0,1001.0,1516.0,1003.0
5026,0,5027,0,Plaques,1.0,0.0,640.125,1002.875,8.0,639.0,1002.0,642.0,1005.0
5027,0,5028,0,Plaques,1.0,0.0,1567.3636,1003.63635,11.0,1566.0,1002.0,1570.0,1006.0
5028,0,5029,0,Plaques,1.0,0.0,669.5,1004.5,12.0,668.0,1003.0,672.0,1007.0
5029,0,5030,0,Plaques,1.0,0.0,680.1667,1004.1667,6.0,679.0,1003.0,682.0,1006.0
5030,0,5031,0,Plaques,1.0,0.0,715.7838,1008.7568,74.0,709.0,1003.0,722.0,1016.0
5031,0,5032,0,Plaques,1.0,0.0,1187.5,1003.5,6.0,1186.0,1003.0,1190.0,1005.0
5032,0,5033,0,Plaques,1.0,0.0,1620.3334,1003.3333,3.0,1620.0,1003.0,1622.0,1005.0
5033,0,5034,0,Plaques,1.0,0.0,591.0,1004.75,4.0,590.0,1004.0,593.0,1006.0
5034,0,5035,0,Plaques,1.0,0.0,1176.5,1004.5,4.0,1176.0,1004.0,1178.0,1006.0
5035,0,5036,0,Plaques,1.0,0.0,1246.5,1004.5,4.0,1246.0,1004.0,1248.0,1006.0
5036,0,5037,0,Plaques,1.0,0.0,1505.7142,1005.0,7.0,1505.0,1004.0,1508.0,1007.0
5037,0,5038,0,Plaques,1.0,0.0,1541.0,1005.0,9.0,1540.0,1004.0,1543.0,1007.0
5038,0,5039,0,Plaques,1.0,0.0,654.907,1009.7907,43.0,651.0,1005.0,660.0,1014.0
5039,0,5040,0,Plaques,1.0,0.0,747.4074,1007.3333,27.0,745.0,1005.0,751.0,1011.0
5040,0,5041,0,Plaques,1.0,0.0,1164.3334,1005.3333,3.0,1164.0,1005.0,1166.0,1007.0
5041,0,5042,0,Plaques,1.0,0.0,1383.625,1006.25,8.0,1382.0,1005.0,1386.0,1008.0
5042,0,5043,0,Plaques,1.0,0.0,1391.5,1006.5,14.0,1390.0,1005.0,1394.0,1009.0
5043,0,5044,0,Plaques,1.0,0.0,1574.0,1005.7143,7.0,1573.0,1005.0,1576.0,1008.0
5044,0,5045,0,Plaques,1.0,0.0,660.0,1006.5,4.0,659.0,1006.0,662.0,1008.0
5045,0,5046,0,Plaques,1.0,0.0,725.5,1007.0,6.0,725.0,1006.0,727.0,1009.0
5046,0,5047,0,Plaques,1.0,0.0,1151.25,1008.8333,12.0,1150.0,1006.0,1154.0,1012.0
5047,0,5048,0,Plaques,1.0,0.0,1269.0,1007.1667,6.0,1268.0,1006.0,1271.0,1009.0
5048,0,5049,0,Plaques,1.0,0.0,1273.5714,1007.2857,7.0,1272.0,1006.0,1276.0,1009.0
5049,0,5050,0,Plaques,1.0,0.0,1348.5,1006.5,4.0,1348.0,1006.0,1350.0,1008.0
5050,0,5051,0,Plaques,1.0,0.0,1466.6666,1006.3333,3.0,1466.0,1006.0,1468.0,1008.0
5051,0,5052,0,Plaques,1.0,0.0,1521.2,1006.6,5.0,1520.0,1006.0,1523.0,1008.0
5052,0,5053,0,Plaques,1.0,0.0,1594.0,1007.2857,7.0,1593.0,1006.0,1596.0,1009.0
5053,0,5054,0,Plaques,1.0,0.0,1629.875,1007.125,8.0,1629.0,1006.0,1632.0,1009.0
5054,0,5055,0,Plaques,1.0,0.0,639.5,1008.0,6.0,639.0,1007.0,641.0,1010.0
5055,0,5056,0,Plaques,1.0,0.0,685.0,1008.0,9.0,684.0,1007.0,687.0,1010.0
5056,0,5057,0,Plaques,1.0,0.0,1157.3334,1009.2083,24.0,1155.0,1007.0,1161.0,1012.0
5057,0,5058,0,Plaques,1.0,0.0,1588.5,1008.0,6.0,1588.0,1007.0,1590.0,1010.0
5058,0,5059,0,Plaques,1.0,0.0,1607.5,1008.0,6.0,1607.0,1007.0,1609.0,1010.0
5059,0,5060,0,Plaques,1.0,0.0,664.9091,1009.63635,11.0,664.0,1008.0,667.0,1012.0
5060,0,5061,0,Plaques,1.0,0.0,1501.6666,1009.3333,3.0,1501.0,1009.0,1503.0,1011.0
5061,0,5062,0,Plaques,1.0,0.0,1543.5,1009.5,4.0,1543.0,1009.0,1545.0,1011.0
5062,0,5063,0,Plaques,1.0,0.0,564.875,1011.125,8.0,564.0,1010.0,567.0,1013.0
5063,0,5064,0,Plaques,1.0,0.0,683.05554,1013.1667,18.0,682.0,1010.0,685.0,1017.0
5064,0,5065,0,Plaques,1.0,0.0,692.3,1011.7,10.0,691.0,1010.0,695.0,1014.0
5065,0,5066,0,Plaques,1.0,0.0,1211.5,1010.5,4.0,1211.0,1010.0,1213.0,1012.0
5066,0,5067,0,Plaques,1.0,0.0,1410.25,1012.25,12.0,1409.0,1010.0,1412.0,1015.0
5067,0,5068,0,Plaques,1.0,0.0,579.5,1011.5,4.0,579.0,1011.0,581.0,1013.0
5068,0,5069,0,Plaques,1.0,0.0,1286.6666,1011.8889,9.0,1285.0,1011.0,1289.0,1014.0
5069,0,5070,0,Plaques,1.0,0.0,1293.4445,1012.2222,18.0,1290.0,1011.0,1298.0,1014.0
5070,0,5071,0,Plaques,1.0,0.0,434.16666,1013.1667,6.0,433.0,1012.0,436.0,1015.0
5071,0,5072,0,Plaques,1.0,0.0,600.0,1013.0,9.0,599.0,1012.0,602.0,1015.0
5072,0,5073,0,Plaques,1.0,0.0,614.5,1012.5,4.0,614.0,1012.0,616.0,1014.0
5073,0,5074,0,Plaques,1.0,0.0,704.93335,1014.3333,15.0,704.0,1012.0,707.0,1018.0
5074,0,5075,0,Plaques,1.0,0.0,1166.0,1012.0,3.0,1165.0,1012.0,1168.0,1013.0
5075,0,5076,0,Plaques,1.0,0.0,1390.2778,1014.0,18.0,1388.0,1012.0,1393.0,1017.0
5076,0,5077,0,Plaques,1.0,0.0,1584.1875,1013.5,16.0,1582.0,1012.0,1587.0,1016.0
5077,0,5078,0,Plaques,1.0,0.0,1627.1666,1013.0833,12.0,1625.0,1012.0,1630.0,1015.0
5078,0,5079,0,Plaques,1.0,0.0,668.34784,1015.86957,23.0,666.0,1013.0,671.0,1019.0
5079,0,5080,0,Plaques,1.0,0.0,1219.0834,1014.5833,12.0,1217.0,1013.0,1222.0,1017.0
5080,0,5081,0,Plaques,1.0,0.0,1355.8334,1014.1667,6.0,1355.0,1013.0,1358.0,1016.0
5081,0,5082,0,Plaques,1.0,0.0,1508.5,1013.5,4.0,1508.0,1013.0,1510.0,1015.0
5082,0,5083,0,Plaques,1.0,0.0,624.8,1014.4,5.0,624.0,1014.0,627.0,1016.0
5083,0,5084,0,Plaques,1.0,0.0,1205.3334,1014.6667,3.0,1205.0,1014.0,1207.0,1016.0
5084,0,5085,0,Plaques,1.0,0.0,1250.5,1014.5,4.0,1250.0,1014.0,1252.0,1016.0
5085,0,5086,0,Plaques,1.0,0.0,1312.6,1015.2,5.0,1312.0,1014.0,1314.0,1017.0
5086,0,5087,0,Plaques,1.0,0.0,1341.5,1014.5,4.0,1341.0,1014.0,1343.0,1016.0
5087,0,5088,0,Plaques,1.0,0.0,1472.0,1014.5,6.0,1471.0,1014.0,1474.0,1016.0
5088,0,5089,0,Plaques,1.0,0.0,1566.375,1015.5,8.0,1565.0,1014.0,1569.0,1018.0
5089,0,5090,0,Plaques,1.0,0.0,721.6,1016.4,15.0,720.0,1015.0,724.0,1019.0
5090,0,5091,0,Plaques,1.0,0.0,1062.125,1015.875,8.0,1061.0,1015.0,1064.0,1018.0
5091,0,5092,0,Plaques,1.0,0.0,1274.6,1015.8,5.0,1274.0,1015.0,1276.0,1018.0
5092,0,5093,0,Plaques,1.0,0.0,1283.3,1016.7,10.0,1282.0,1015.0,1286.0,1019.0
5093,0,5094,0,Plaques,1.0,0.0,1293.4,1016.2,5.0,1293.0,1015.0,1295.0,1018.0
5094,0,5095,0,Plaques,1.0,0.0,1440.0,1016.0,5.0,1439.0,1015.0,1442.0,1018.0
5095,0,5096,0,Plaques,1.0,0.0,692.3333,1016.3333,3.0,692.0,1016.0,694.0,1018.0
5096,0,5097,0,Plaques,1.0,0.0,713.0,1017.8,10.0,712.0,1016.0,715.0,1020.0
5097,0,5098,0,Plaques,1.0,0.0,1184.0,1016.25,4.0,1183.0,1016.0,1186.0,1018.0
5098,0,5099,0,Plaques,1.0,0.0,1266.5,1016.5,4.0,1266.0,1016.0,1268.0,1018.0
5099,0,5100,0,Plaques,1.0,0.0,172.16667,1018.1667,6.0,171.0,1017.0,174.0,1020.0
5100,0,5101,0,Plaques,1.0,0.0,661.875,1018.125,8.0,661.0,1017.0,664.0,1020.0
5101,0,5102,0,Plaques,1.0,0.0,685.7143,1019.2143,14.0,684.0,1017.0,688.0,1022.0
5102,0,5103,0,Plaques,1.0,0.0,1154.8334,1018.1667,6.0,1154.0,1017.0,1157.0,1020.0
5103,0,5104,0,Plaques,1.0,0.0,1557.5,1017.5,4.0,1557.0,1017.0,1559.0,1019.0
5104,0,5105,0,Plaques,1.0,0.0,743.0,1018.75,4.0,742.0,1018.0,745.0,1020.0
5105,0,5106,0,Plaques,1.0,0.0,1196.0,1018.7143,7.0,1195.0,1018.0,1198.0,1021.0
5106,0,5107,0,Plaques,1.0,0.0,1213.2559,1021.48834,43.0,1205.0,1018.0,1220.0,1025.0
5107,0,5108,0,Plaques,1.0,0.0,1231.909,1019.36365,11.0,1231.0,1018.0,1234.0,1022.0
5108,0,5109,0,Plaques,1.0,0.0,1469.5,1018.5,4.0,1469.0,1018.0,1471.0,1020.0
5109,0,5110,0,Plaques,1.0,0.0,702.125,1019.875,8.0,701.0,1019.0,704.0,1022.0
5110,0,5111,0,Plaques,1.0,0.0,1514.091,1020.63635,11.0,1513.0,1019.0,1516.0,1023.0
5111,0,5112,0,Plaques,1.0,0.0,1536.0,1023.1842,38.0,1532.0,1019.0,1540.0,1028.0
5112,0,5113,0,Plaques,1.0,0.0,1593.5,1020.5,8.0,1593.0,1019.0,1595.0,1023.0
5113,0,5114,0,Plaques,1.0,0.0,562.0,1020.7143,7.0,561.0,1020.0,564.0,1023.0
5114,0,5115,0,Plaques,1.0,0.0,1239.2858,1021.0,7.0,1238.0,1020.0,1241.0,1023.0
5115,0,5116,0,Plaques,1.0,0.0,1402.3334,1021.3333,12.0,1401.0,1020.0,1405.0,1024.0
5116,0,5117,0,Plaques,1.0,0.0,1526.4615,1021.8461,13.0,1525.0,1020.0,1529.0,1024.0
5117,0,5118,0,Plaques,1.0,0.0,1546.3636,1021.0909,11.0,1545.0,1020.0,1549.0,1023.0
5118,0,5119,0,Plaques,1.0,0.0,593.6,1021.8,5.0,593.0,1021.0,595.0,1024.0
5119,0,5120,0,Plaques,1.0,0.0,635.5,1021.5,4.0,635.0,1021.0,637.0,1023.0
5120,0,5121,0,Plaques,1.0,0.0,651.05554,1024.2778,36.0,648.0,1021.0,655.0,1029.0
5121,0,5122,0,Plaques,1.0,0.0,1343.8334,1021.8333,6.0,1343.0,1021.0,1346.0,1024.0
5122,0,5123,0,Plaques,1.0,0.0,1555.5,1021.5,4.0,1555.0,1021.0,1557.0,1023.0
5123,0,5124,0,Plaques,1.0,0.0,1579.5,1021.5,4.0,1579.0,1021.0,1581.0,1023.0
5124,0,5125,0,Plaques,1.0,0.0,583.5,1022.5,4.0,583.0,1022.0,585.0,1024.0
5125,0,5126,0,Plaques,1.0,0.0,1083.4352,1036.6373,193.0,1073.0,1022.0,1092.0,1047.0
5126,0,5127,0,Plaques,1.0,0.0,1090.6666,1023.3333,6.0,1090.0,1022.0,1093.0,1025.0
5127,0,5128,0,Plaques,1.0,0.0,1166.0,1022.5,6.0,1165.0,1022.0,1168.0,1024.0
5128,0,5129,0,Plaques,1.0,0.0,1311.125,1023.125,8.0,1310.0,1022.0,1313.0,1025.0
5129,0,5130,0,Plaques,1.0,0.0,1321.0,1023.0,5.0,1320.0,1022.0,1323.0,1025.0
5130,0,5131,0,Plaques,1.0,0.0,1564.2,1023.5,10.0,1563.0,1022.0,1566.0,1026.0
5131,0,5132,0,Plaques,1.0,0.0,668.5,1024.0,8.0,667.0,1023.0,671.0,1026.0
5132,0,5133,0,Plaques,1.0,0.0,1175.8334,1023.8333,6.0,1175.0,1023.0,1178.0,1026.0
5133,0,5134,0,Plaques,1.0,0.0,1222.0,1024.0,7.0,1221.0,1023.0,1224.0,1026.0
5134,0,5135,0,Plaques,1.0,0.0,1251.8334,1023.8333,6.0,1251.0,1023.0,1254.0,1026.0
5135,0,5136,0,Plaques,1.0,0.0,1280.3334,1023.6667,3.0,1280.0,1023.0,1282.0,1025.0
5136,0,5137,0,Plaques,1.0,0.0,1551.5,1023.5,4.0,1551.0,1023.0,1553.0,1025.0
5137,0,5138,0,Plaques,1.0,0.0,624.5,1025.0,6.0,624.0,1024.0,626.0,1027.0
5138,0,5139,0,Plaques,1.0,0.0,1274.5,1024.5,4.0,1274.0,1024.0,1276.0,1026.0
5139,0,5140,0,Plaques,1.0,0.0,1384.0,1025.5,10.0,1383.0,1024.0,1386.0,1028.0
5140,0,5141,0,Plaques,1.0,0.0,1457.2858,1025.0,7.0,1456.0,1024.0,1459.0,1027.0
5141,0,5142,0,Plaques,1.0,0.0,1574.0,1025.2858,7.0,1573.0,1024.0,1576.0,1027.0
5142,0,5143,0,Plaques,1.0,0.0,706.8,1026.5,10.0,706.0,1025.0,709.0,1029.0
5143,0,5144,0,Plaques,1.0,0.0,1265.2858,1026.5,14.0,1264.0,1025.0,1268.0,1029.0
5144,0,5145,0,Plaques,1.0,0.0,616.3333,1026.6666,3.0,616.0,1026.0,618.0,1028.0
5145,0,5146,0,Plaques,1.0,0.0,634.7143,1027.0,7.0,634.0,1026.0,637.0,1029.0
5146,0,5147,0,Plaques,1.0,0.0,659.4231,1029.3846,26.0,657.0,1026.0,663.0,1034.0
5147,0,5148,0,Plaques,1.0,0.0,732.5,1026.5,4.0,732.0,1026.0,734.0,1028.0
5148,0,5149,0,Plaques,1.0,0.0,1192.5,1026.5,8.0,1191.0,1026.0,1195.0,1028.0
5149,0,5150,0,Plaques,1.0,0.0,1530.2,1027.0,10.0,1529.0,1026.0,1533.0,1029.0
5150,0,5151,0,Plaques,1.0,0.0,178.0,1027.7142,7.0,177.0,1027.0,180.0,1030.0
5151,0,5152,0,Plaques,1.0,0.0,594.3333,1027.6666,3.0,594.0,1027.0,596.0,1029.0
5152,0,5153,0,Plaques,1.0,0.0,628.0,1028.0,9.0,627.0,1027.0,630.0,1030.0
5153,0,5154,0,Plaques,1.0,0.0,721.7778,1028.1111,9.0,720.0,1027.0,725.0,1030.0
5154,0,5155,0,Plaques,1.0,0.0,1226.875,1028.125,8.0,1226.0,1027.0,1229.0,1030.0
5155,0,5156,0,Plaques,1.0,0.0,1283.3334,1028.1111,9.0,1282.0,1027.0,1286.0,1030.0
5156,0,5157,0,Plaques,1.0,0.0,1288.5,1028.0,10.0,1287.0,1027.0,1291.0,1030.0
5157,0,5158,0,Plaques,1.0,0.0,1355.8334,1028.1666,6.0,1355.0,1027.0,1358.0,1030.0
5158,0,5159,0,Plaques,1.0,0.0,1375.5,1027.5,4.0,1375.0,1027.0,1377.0,1029.0
5159,0,5160,0,Plaques,1.0,0.0,1403.5,1028.0,10.0,1402.0,1027.0,1406.0,1030.0
5160,0,5161,0,Plaques,1.0,0.0,1438.5,1027.5,4.0,1438.0,1027.0,1440.0,1029.0
5161,0,5162,0,Plaques,1.0,0.0,1445.8334,1028.1666,6.0,1445.0,1027.0,1448.0,1030.0
5162,0,5163,0,Plaques,1.0,0.0,1472.5,1027.5,4.0,1472.0,1027.0,1474.0,1029.0
5163,0,5164,0,Plaques,1.0,0.0,1491.2858,1028.3572,14.0,1490.0,1027.0,1494.0,1031.0
5164,0,5165,0,Plaques,1.0,0.0,692.6111,1029.8334,18.0,689.0,1028.0,697.0,1033.0
5165,0,5166,0,Plaques,1.0,0.0,1295.0,1028.7142,7.0,1294.0,1028.0,1297.0,1031.0
5166,0,5167,0,Plaques,1.0,0.0,1367.5385,1029.1538,13.0,1366.0,1028.0,1370.0,1032.0
5167,0,5168,0,Plaques,1.0,0.0,1541.0834,1029.6666,12.0,1540.0,1028.0,1544.0,1032.0
5168,0,5169,0,Plaques,1.0,0.0,1220.8125,1030.8125,16.0,1219.0,1029.0,1223.0,1034.0
5169,0,5170,0,Plaques,1.0,0.0,1233.5,1029.5,4.0,1233.0,1029.0,1235.0,1031.0
5170,0,5171,0,Plaques,1.0,0.0,1320.2858,1030.0,7.0,1319.0,1029.0,1322.0,1032.0
5171,0,5172,0,Plaques,1.0,0.0,684.5,1030.5,4.0,684.0,1030.0,686.0,1032.0
5172,0,5173,0,Plaques,1.0,0.0,1162.3334,1031.1111,9.0,1161.0,1030.0,1165.0,1033.0
5173,0,5174,0,Plaques,1.0,0.0,1206.3334,1030.6666,3.0,1206.0,1030.0,1208.0,1032.0
5174,0,5175,0,Plaques,1.0,0.0,1310.1538,1030.7693,13.0,1308.0,1030.0,1314.0,1033.0
5175,0,5176,0,Plaques,1.0,0.0,1545.6154,1031.6154,13.0,1544.0,1030.0,1548.0,1034.0
5176,0,5177,0,Plaques,1.0,0.0,1556.1333,1031.5333,15.0,1554.0,1030.0,1559.0,1034.0
5177,0,5178,0,Plaques,1.0,0.0,632.5,1031.5,4.0,632.0,1031.0,634.0,1033.0
5178,0,5179,0,Plaques,1.0,0.0,642.6,1031.8,5.0,642.0,1031.0,644.0,1034.0
5179,0,5180,0,Plaques,1.0,0.0,1503.1212,1034.5758,33.0,1499.0,1031.0,1508.0,1039.0
5180,0,5181,0,Plaques,1.0,0.0,562.3333,1032.3334,3.0,562.0,1032.0,564.0,1034.0
5181,0,5182,0,Plaques,1.0,0.0,627.5,1033.0,6.0,627.0,1032.0,629.0,1035.0
5182,0,5183,0,Plaques,1.0,0.0,702.9048,1034.5714,21.0,701.0,1032.0,706.0,1039.0
5183,0,5184,0,Plaques,1.0,0.0,715.5,1033.0,6.0,715.0,1032.0,717.0,1035.0
5184,0,5185,0,Plaques,1.0,0.0,1295.1818,1033.8182,11.0,1294.0,1032.0,1298.0,1036.0
5185,0,5186,0,Plaques,1.0,0.0,174.8,1033.6,5.0,174.0,1033.0,177.0,1035.0
5186,0,5187,0,Plaques,1.0,0.0,580.5,1033.5,4.0,580.0,1033.0,582.0,1035.0
5187,0,5188,0,Plaques,1.0,0.0,594.5,1033.8,10.0,593.0,1033.0,597.0,1036.0
5188,0,5189,0,Plaques,1.0,0.0,1113.3334,1033.3334,3.0,1113.0,1033.0,1115.0,1035.0
5189,0,5190,0,Plaques,1.0,0.0,1230.5,1033.5,4.0,1230.0,1033.0,1232.0,1035.0
5190,0,5191,0,Plaques,1.0,0.0,1377.5,1034.0,8.0,1376.0,1033.0,1380.0,1036.0
5191,0,5192,0,Plaques,1.0,0.0,1487.0,1033.7142,7.0,1486.0,1033.0,1489.0,1036.0
5192,0,5193,0,Plaques,1.0,0.0,1170.1111,1035.7778,9.0,1169.0,1034.0,1172.0,1039.0
5193,0,5194,0,Plaques,1.0,0.0,1327.0,1034.7142,7.0,1326.0,1034.0,1329.0,1037.0
5194,0,5195,0,Plaques,1.0,0.0,1400.5,1034.5,4.0,1400.0,1034.0,1402.0,1036.0
5195,0,5196,0,Plaques,1.0,0.0,1459.5,1034.5,4.0,1459.0,1034.0,1461.0,1036.0
5196,0,5197,0,Plaques,1.0,0.0,644.5,1036.5,14.0,643.0,1035.0,647.0,1039.0
5197,0,5198,0,Plaques,1.0,0.0,650.0,1036.2858,7.0,649.0,1035.0,652.0,1038.0
5198,0,5199,0,Plaques,1.0,0.0,658.3333,1036.1111,9.0,657.0,1035.0,661.0,1038.0
5199,0,5200,0,Plaques,1.0,0.0,664.6667,1036.1111,9.0,663.0,1035.0,667.0,1038.0
5200,0,5201,0,Plaques,1.0,0.0,709.6667,1035.3334,3.0,709.0,1035.0,711.0,1037.0
5201,0,5202,0,Plaques,1.0,0.0,1124.6666,1035.3334,3.0,1124.0,1035.0,1126.0,1037.0
5202,0,5203,0,Plaques,1.0,0.0,1205.5,1035.5,4.0,1205.0,1035.0,1207.0,1037.0
5203,0,5204,0,Plaques,1.0,0.0,1307.0,1035.5,6.0,1306.0,1035.0,1309.0,1037.0
5204,0,5205,0,Plaques,1.0,0.0,1517.0,1036.875,16.0,1515.0,1035.0,1520.0,1040.0
5205,0,5206,0,Plaques,1.0,0.0,1525.1666,1035.8334,6.0,1524.0,1035.0,1527.0,1038.0
5206,0,5207,0,Plaques,1.0,0.0,1616.5,1036.0,18.0,1614.0,1035.0,1620.0,1038.0
5207,0,5208,0,Plaques,1.0,0.0,1217.2858,1038.4286,7.0,1217.0,1036.0,1219.0,1041.0
5208,0,5209,0,Plaques,1.0,0.0,1299.4546,1037.6364,11.0,1298.0,1036.0,1302.0,1040.0
5209,0,5210,0,Plaques,1.0,0.0,1371.0,1036.5,6.0,1370.0,1036.0,1373.0,1038.0
5210,0,5211,0,Plaques,1.0,0.0,1426.5,1036.5,4.0,1426.0,1036.0,1428.0,1038.0
5211,0,5212,0,Plaques,1.0,0.0,1430.5,1036.5,4.0,1430.0,1036.0,1432.0,1038.0
5212,0,5213,0,Plaques,1.0,0.0,1481.5,1036.5,4.0,1481.0,1036.0,1483.0,1038.0
5213,0,5214,0,Plaques,1.0,0.0,1536.3334,1036.8889,9.0,1535.0,1036.0,1539.0,1039.0
5214,0,5215,0,Plaques,1.0,0.0,1223.875,1037.875,8.0,1223.0,1037.0,1226.0,1040.0
5215,0,5216,0,Plaques,1.0,0.0,1263.3334,1038.5,6.0,1263.0,1037.0,1265.0,1041.0
5216,0,5217,0,Plaques,1.0,0.0,1273.0,1038.8,10.0,1272.0,1037.0,1275.0,1041.0
5217,0,5218,0,Plaques,1.0,0.0,1283.5,1038.0,6.0,1283.0,1037.0,1285.0,1040.0
5218,0,5219,0,Plaques,1.0,0.0,1292.3667,1040.2333,30.0,1290.0,1037.0,1296.0,1044.0
5219,0,5220,0,Plaques,1.0,0.0,1446.5,1038.0,6.0,1446.0,1037.0,1448.0,1040.0
5220,0,5221,0,Plaques,1.0,0.0,1558.5,1037.5,4.0,1558.0,1037.0,1560.0,1039.0
5221,0,5222,0,Plaques,1.0,0.0,1312.375,1043.7291,48.0,1309.0,1038.0,1316.0,1049.0
5222,0,5223,0,Plaques,1.0,0.0,1577.3334,1039.1111,9.0,1576.0,1038.0,1580.0,1041.0
5223,0,5224,0,Plaques,1.0,0.0,470.33334,1039.6666,3.0,470.0,1039.0,472.0,1041.0
5224,0,5225,0,Plaques,1.0,0.0,513.6667,1039.3334,3.0,513.0,1039.0,515.0,1041.0
5225,0,5226,0,Plaques,1.0,0.0,1177.1111,1041.8334,36.0,1172.0,1039.0,1184.0,1045.0
5226,0,5227,0,Plaques,1.0,0.0,1188.3846,1040.6154,13.0,1187.0,1039.0,1191.0,1043.0
5227,0,5228,0,Plaques,1.0,0.0,1192.8948,1041.6316,19.0,1191.0,1039.0,1196.0,1045.0
5228,0,5229,0,Plaques,1.0,0.0,1208.1111,1040.3334,9.0,1207.0,1039.0,1210.0,1043.0
5229,0,5230,0,Plaques,1.0,0.0,1350.5,1039.5,4.0,1350.0,1039.0,1352.0,1041.0
5230,0,5231,0,Plaques,1.0,0.0,1466.5,1040.0,6.0,1466.0,1039.0,1468.0,1042.0
5231,0,5232,0,Plaques,1.0,0.0,1487.875,1039.875,8.0,1487.0,1039.0,1490.0,1042.0
5232,0,5233,0,Plaques,1.0,0.0,1547.3334,1039.6666,3.0,1547.0,1039.0,1549.0,1041.0
5233,0,5234,0,Plaques,1.0,0.0,1247.3334,1040.6666,3.0,1247.0,1040.0,1249.0,1042.0
5234,0,5235,0,Plaques,1.0,0.0,1498.5,1041.0,6.0,1498.0,1040.0,1500.0,1043.0
5235,0,5236,0,Plaques,1.0,0.0,1504.125,1041.125,8.0,1503.0,1040.0,1506.0,1043.0
5236,0,5237,0,Plaques,1.0,0.0,1566.5,1040.5,4.0,1566.0,1040.0,1568.0,1042.0
5237,0,5238,0,Plaques,1.0,0.0,193.66667,1041.6666,3.0,193.0,1041.0,195.0,1043.0
5238,0,5239,0,Plaques,1.0,0.0,627.2857,1042.0,7.0,626.0,1041.0,629.0,1044.0
5239,0,5240,0,Plaques,1.0,0.0,649.6,1041.8,5.0,649.0,1041.0,651.0,1044.0
5240,0,5241,0,Plaques,1.0,0.0,1305.8334,1042.1666,6.0,1305.0,1041.0,1308.0,1044.0
5241,0,5242,0,Plaques,1.0,0.0,1337.8889,1042.3334,9.0,1337.0,1041.0,1340.0,1045.0
5242,0,5243,0,Plaques,1.0,0.0,392.0,1044.862,29.0,390.0,1042.0,395.0,1049.0
5243,0,5244,0,Plaques,1.0,0.0,636.41174,1043.4117,17.0,634.0,1042.0,640.0,1046.0
5244,0,5245,0,Plaques,1.0,0.0,1592.8823,1045.0294,34.0,1589.0,1042.0,1597.0,1049.0
5245,0,5246,0,Plaques,1.0,0.0,1326.125,1044.125,8.0,1325.0,1043.0,1328.0,1046.0
5246,0,5247,0,Plaques,1.0,0.0,1516.3846,1044.6154,13.0,1515.0,1043.0,1519.0,1047.0
5247,0,5248,0,Plaques,1.0,0.0,1534.6097,1045.7805,41.0,1531.0,1043.0,1539.0,1051.0
5248,0,5249,0,Plaques,1.0,0.0,1547.0,1044.8,10.0,1546.0,1043.0,1549.0,1047.0
5249,0,5250,0,Plaques,1.0,0.0,660.1667,1045.5,12.0,658.0,1044.0,663.0,1048.0
5250,0,5251,0,Plaques,1.0,0.0,668.125,1044.875,8.0,667.0,1044.0,670.0,1047.0
5251,0,5252,0,Plaques,1.0,0.0,1169.6111,1045.7778,18.0,1168.0,1044.0,1172.0,1049.0
5252,0,5253,0,Plaques,1.0,0.0,1484.8,1044.6,5.0,1484.0,1044.0,1487.0,1046.0
5253,0,5254,0,Plaques,1.0,0.0,1507.8125,1046.1875,16.0,1506.0,1044.0,1510.0,1049.0
5254,0,5255,0,Plaques,1.0,0.0,644.5,1046.0,6.0,644.0,1045.0,646.0,1048.0
5255,0,5256,0,Plaques,1.0,0.0,1352.2307,1046.2307,13.0,1351.0,1045.0,1355.0,1049.0
5256,0,5257,0,Plaques,1.0,0.0,1449.5,1045.5,4.0,1449.0,1045.0,1451.0,1047.0
5257,0,5258,0,Plaques,1.0,0.0,179.875,1047.125,8.0,179.0,1046.0,182.0,1049.0
5258,0,5259,0,Plaques,1.0,0.0,1500.6842,1047.0,19.0,1498.0,1046.0,1505.0,1049.0
5259,0,5260,0,Plaques,1.0,0.0,1102.625,1047.625,8.0,1101.0,1047.0,1106.0,1049.0
5260,0,5261,0,Plaques,1.0,0.0,1283.8,1048.0,10.0,1282.0,1047.0,1286.0,1050.0
5261,0,5262,0,Plaques,1.0,0.0,1294.5,1047.5,4.0,1294.0,1047.0,1296.0,1049.0
5262,0,5263,0,Plaques,1.0,0.0,1301.72,1050.76,25.0,1300.0,1047.0,1304.0,1055.0
5263,0,5264,0,Plaques,1.0,0.0,1388.0,1048.2858,7.0,1387.0,1047.0,1390.0,1050.0
5264,0,5265,0,Plaques,1.0,0.0,1539.6,1047.8,5.0,1539.0,1047.0,1541.0,1050.0
5265,0,5266,0,Plaques,1.0,0.0,191.5,1048.5,4.0,191.0,1048.0,193.0,1050.0
5266,0,5267,0,Plaques,1.0,0.0,572.6923,1049.0,13.0,571.0,1048.0,576.0,1051.0
5267,0,5268,0,Plaques,1.0,0.0,631.6667,1048.6666,3.0,631.0,1048.0,633.0,1050.0
5268,0,5269,0,Plaques,1.0,0.0,1367.8,1049.0,10.0,1366.0,1048.0,1370.0,1051.0
5269,0,5270,0,Plaques,1.0,0.0,1381.5,1048.5,4.0,1381.0,1048.0,1383.0,1050.0
5270,0,5271,0,Plaques,1.0,0.0,1482.8,1048.4,5.0,1482.0,1048.0,1485.0,1050.0
5271,0,5272,0,Plaques,1.0,0.0,1581.5,1048.5,4.0,1581.0,1048.0,1583.0,1050.0
5272,0,5273,0,Plaques,1.0,0.0,561.5,1049.5,4.0,561.0,1049.0,563.0,1051.0
5273,0,5274,0,Plaques,1.0,0.0,1238.5,1049.5,4.0,1238.0,1049.0,1240.0,1051.0
5274,0,5275,0,Plaques,1.0,0.0,1276.0,1050.5,8.0,1275.0,1049.0,1278.0,1053.0
5275,0,5276,0,Plaques,1.0,0.0,1561.5,1049.5,4.0,1561.0,1049.0,1563.0,1051.0
5276,0,5277,0,Plaques,1.0,0.0,617.7168,1057.7168,113.0,613.0,1050.0,624.0,1066.0
5277,0,5278,0,Plaques,1.0,0.0,654.2,1051.0,10.0,653.0,1050.0,657.0,1053.0
5278,0,5279,0,Plaques,1.0,0.0,1447.0,1050.5,6.0,1446.0,1050.0,1449.0,1052.0
5279,0,5280,0,Plaques,1.0,0.0,1572.3636,1051.091,11.0,1571.0,1050.0,1575.0,1053.0
5280,0,5281,0,Plaques,1.0,0.0,493.0,1051.5,6.0,492.0,1051.0,495.0,1053.0
5281,0,5282,0,Plaques,1.0,0.0,665.4,1052.2,5.0,665.0,1051.0,667.0,1054.0
5282,0,5283,0,Plaques,1.0,0.0,1224.5,1051.5,4.0,1224.0,1051.0,1226.0,1053.0
5283,0,5284,0,Plaques,1.0,0.0,1251.0,1052.2858,7.0,1250.0,1051.0,1253.0,1054.0
5284,0,5285,0,Plaques,1.0,0.0,1256.0,1052.5,8.0,1255.0,1051.0,1258.0,1055.0
5285,0,5286,0,Plaques,1.0,0.0,1262.8334,1052.1666,6.0,1262.0,1051.0,1265.0,1054.0
5286,0,5287,0,Plaques,1.0,0.0,1516.0,1051.7142,7.0,1515.0,1051.0,1518.0,1054.0
5287,0,5288,0,Plaques,1.0,0.0,1524.6666,1051.3334,3.0,1524.0,1051.0,1526.0,1053.0
5288,0,5289,0,Plaques,1.0,0.0,387.66666,1052.3334,3.0,387.0,1052.0,389.0,1054.0
5289,0,5290,0,Plaques,1.0,0.0,1029.3713,1084.4152,342.0,1012.0,1052.0,1050.0,1116.0
5290,0,5291,0,Plaques,1.0,0.0,1165.85,1054.9,20.0,1163.0,1052.0,1169.0,1058.0
5291,0,5292,0,Plaques,1.0,0.0,1400.5,1052.5,4.0,1400.0,1052.0,1402.0,1054.0
5292,0,5293,0,Plaques,1.0,0.0,1503.919,1058.3243,37.0,1501.0,1052.0,1507.0,1065.0
5293,0,5294,0,Plaques,1.0,0.0,1528.3334,1053.75,12.0,1527.0,1052.0,1531.0,1056.0
5294,0,5295,0,Plaques,1.0,0.0,658.0,1055.0,13.0,657.0,1053.0,660.0,1058.0
5295,0,5296,0,Plaques,1.0,0.0,1292.0,1054.2858,7.0,1291.0,1053.0,1294.0,1056.0
5296,0,5297,0,Plaques,1.0,0.0,1374.5,1053.5,4.0,1374.0,1053.0,1376.0,1055.0
5297,0,5298,0,Plaques,1.0,0.0,1307.0,1054.7142,7.0,1306.0,1054.0,1309.0,1057.0
5298,0,5299,0,Plaques,1.0,0.0,1196.0,1056.2858,7.0,1195.0,1055.0,1198.0,1058.0
5299,0,5300,0,Plaques,1.0,0.0,1248.5,1056.0,6.0,1248.0,1055.0,1250.0,1058.0
5300,0,5301,0,Plaques,1.0,0.0,1281.2174,1057.7391,23.0,1279.0,1055.0,1285.0,1062.0
5301,0,5302,0,Plaques,1.0,0.0,1432.125,1055.875,8.0,1431.0,1055.0,1434.0,1058.0
5302,0,5303,0,Plaques,1.0,0.0,1470.5,1055.5,4.0,1470.0,1055.0,1472.0,1057.0
5303,0,5304,0,Plaques,1.0,0.0,1493.875,1055.875,8.0,1493.0,1055.0,1496.0,1058.0
5304,0,5305,0,Plaques,1.0,0.0,1511.826,1057.174,23.0,1509.0,1055.0,1516.0,1060.0
5305,0,5306,0,Plaques,1.0,0.0,597.0,1057.5,16.0,595.0,1056.0,600.0,1060.0
5306,0,5307,0,Plaques,1.0,0.0,1189.0,1056.5,6.0,1188.0,1056.0,1191.0,1058.0
5307,0,5308,0,Plaques,1.0,0.0,1257.875,1057.125,8.0,1257.0,1056.0,1260.0,1059.0
5308,0,5309,0,Plaques,1.0,0.0,1408.4615,1057.8462,13.0,1407.0,1056.0,1411.0,1061.0
5309,0,5310,0,Plaques,1.0,0.0,1539.7858,1057.3572,14.0,1538.0,1056.0,1543.0,1060.0
5310,0,5311,0,Plaques,1.0,0.0,1557.8649,1058.2162,37.0,1552.0,1056.0,1564.0,1061.0
5311,0,5312,0,Plaques,1.0,0.0,1570.8334,1056.8334,6.0,1570.0,1056.0,1573.0,1059.0
5312,0,5313,0,Plaques,1.0,0.0,629.1667,1057.8334,6.0,628.0,1057.0,631.0,1060.0
5313,0,5314,0,Plaques,1.0,0.0,1204.25,1057.75,12.0,1202.0,1057.0,1207.0,1060.0
5314,0,5315,0,Plaques,1.0,0.0,1455.75,1059.0625,16.0,1453.0,1057.0,1459.0,1062.0
5315,0,5316,0,Plaques,1.0,0.0,1523.5,1057.5,4.0,1523.0,1057.0,1525.0,1059.0
5316,0,5317,0,Plaques,1.0,0.0,585.9474,1059.6842,19.0,584.0,1058.0,589.0,1063.0
5317,0,5318,0,Plaques,1.0,0.0,1068.0,1062.8776,49.0,1062.0,1058.0,1075.0,1069.0
5318,0,5319,0,Plaques,1.0,0.0,1216.0,1061.2609,23.0,1214.0,1058.0,1219.0,1065.0
5319,0,5320,0,Plaques,1.0,0.0,1252.875,1060.5,16.0,1252.0,1058.0,1255.0,1064.0
5320,0,5321,0,Plaques,1.0,0.0,1353.5,1058.5,4.0,1353.0,1058.0,1355.0,1060.0
5321,0,5322,0,Plaques,1.0,0.0,1527.5,1059.0,8.0,1526.0,1058.0,1530.0,1061.0
5322,0,5323,0,Plaques,1.0,0.0,1547.6666,1058.6666,3.0,1547.0,1058.0,1549.0,1060.0
5323,0,5324,0,Plaques,1.0,0.0,574.5,1059.5,4.0,574.0,1059.0,576.0,1061.0
5324,0,5325,0,Plaques,1.0,0.0,603.8333,1060.1666,6.0,603.0,1059.0,606.0,1062.0
5325,0,5326,0,Plaques,1.0,0.0,647.6667,1059.3334,3.0,647.0,1059.0,649.0,1061.0
5326,0,5327,0,Plaques,1.0,0.0,1264.9166,1063.125,24.0,1263.0,1059.0,1268.0,1068.0
5327,0,5328,0,Plaques,1.0,0.0,1303.7106,1064.7106,38.0,1300.0,1059.0,1310.0,1070.0
5328,0,5329,0,Plaques,1.0,0.0,1378.5,1059.5,4.0,1378.0,1059.0,1380.0,1061.0
5329,0,5330,0,Plaques,1.0,0.0,633.5,1061.0,6.0,633.0,1060.0,635.0,1063.0
5330,0,5331,0,Plaques,1.0,0.0,1082.9445,1061.7222,18.0,1081.0,1060.0,1086.0,1065.0
5331,0,5332,0,Plaques,1.0,0.0,1242.6515,1064.4242,66.0,1234.0,1060.0,1250.0,1071.0
5332,0,5333,0,Plaques,1.0,0.0,1290.1154,1062.0385,26.0,1287.0,1060.0,1294.0,1065.0
5333,0,5334,0,Plaques,1.0,0.0,1297.875,1061.875,8.0,1297.0,1061.0,1300.0,1064.0
5334,0,5335,0,Plaques,1.0,0.0,1331.5,1061.5,4.0,1331.0,1061.0,1333.0,1063.0
5335,0,5336,0,Plaques,1.0,0.0,1461.5,1061.5,4.0,1461.0,1061.0,1463.0,1063.0
5336,0,5337,0,Plaques,1.0,0.0,1493.5294,1063.1765,17.0,1492.0,1061.0,1496.0,1067.0
5337,0,5338,0,Plaques,1.0,0.0,596.0,1062.7142,7.0,595.0,1062.0,598.0,1065.0
5338,0,5339,0,Plaques,1.0,0.0,1467.1666,1063.1666,6.0,1466.0,1062.0,1469.0,1065.0
5339,0,5340,0,Plaques,1.0,0.0,1553.0,1063.5,10.0,1552.0,1062.0,1555.0,1066.0
5340,0,5341,0,Plaques,1.0,0.0,1572.0,1063.0,9.0,1571.0,1062.0,1574.0,1065.0
5341,0,5342,0,Plaques,1.0,0.0,1586.8334,1062.8334,6.0,1586.0,1062.0,1589.0,1065.0
5342,0,5343,0,Plaques,1.0,0.0,540.0,1063.5,6.0,539.0,1063.0,542.0,1065.0
5343,0,5344,0,Plaques,1.0,0.0,580.6,1063.8,5.0,579.0,1063.0,583.0,1065.0
5344,0,5345,0,Plaques,1.0,0.0,1178.6666,1063.3334,3.0,1178.0,1063.0,1180.0,1065.0
5345,0,5346,0,Plaques,1.0,0.0,1320.0,1063.5,6.0,1319.0,1063.0,1322.0,1065.0
5346,0,5347,0,Plaques,1.0,0.0,1076.2106,1066.0,19.0,1072.0,1064.0,1080.0,1069.0
5347,0,5348,0,Plaques,1.0,0.0,1104.4586,1074.7579,157.0,1091.0,1064.0,1118.0,1086.0
5348,0,5349,0,Plaques,1.0,0.0,1277.6154,1065.6154,13.0,1276.0,1064.0,1280.0,1068.0
5349,0,5350,0,Plaques,1.0,0.0,1408.5,1065.0,10.0,1407.0,1064.0,1411.0,1067.0
5350,0,5351,0,Plaques,1.0,0.0,1424.5,1064.5,4.0,1424.0,1064.0,1426.0,1066.0
5351,0,5352,0,Plaques,1.0,0.0,1558.5,1065.0,6.0,1558.0,1064.0,1560.0,1067.0
5352,0,5353,0,Plaques,1.0,0.0,1040.2,1065.4,5.0,1039.0,1065.0,1042.0,1067.0
5353,0,5354,0,Plaques,1.0,0.0,1048.4854,1072.3309,136.0,1042.0,1065.0,1056.0,1081.0
5354,0,5355,0,Plaques,1.0,0.0,1252.5,1066.0,6.0,1252.0,1065.0,1254.0,1068.0
5355,0,5356,0,Plaques,1.0,0.0,1479.5,1066.0,6.0,1479.0,1065.0,1481.0,1068.0
5356,0,5357,0,Plaques,1.0,0.0,1533.5,1066.0,6.0,1532.0,1065.0,1536.0,1068.0
5357,0,5358,0,Plaques,1.0,0.0,1541.3846,1066.7693,13.0,1539.0,1065.0,1545.0,1069.0
5358,0,5359,0,Plaques,1.0,0.0,1569.625,1068.5,32.0,1566.0,1065.0,1574.0,1073.0
5359,0,5360,0,Plaques,1.0,0.0,1575.5,1065.5,4.0,1575.0,1065.0,1577.0,1067.0
5360,0,5361,0,Plaques,1.0,0.0,593.7273,1068.8636,22.0,592.0,1066.0,596.0,1073.0
5361,0,5362,0,Plaques,1.0,0.0,1192.6,1066.8,5.0,1192.0,1066.0,1194.0,1069.0
5362,0,5363,0,Plaques,1.0,0.0,1237.5,1067.0,6.0,1237.0,1066.0,1239.0,1069.0
5363,0,5364,0,Plaques,1.0,0.0,1484.5,1066.5,4.0,1484.0,1066.0,1486.0,1068.0
5364,0,5365,0,Plaques,1.0,0.0,623.5,1067.5,4.0,623.0,1067.0,625.0,1069.0
5365,0,5366,0,Plaques,1.0,0.0,1085.2572,1071.1714,35.0,1082.0,1067.0,1089.0,1075.0
5366,0,5367,0,Plaques,1.0,0.0,1224.4,1067.8,5.0,1224.0,1067.0,1226.0,1070.0
5367,0,5368,0,Plaques,1.0,0.0,1232.7142,1068.0,7.0,1232.0,1067.0,1235.0,1070.0
5368,0,5369,0,Plaques,1.0,0.0,1325.0,1067.5,6.0,1324.0,1067.0,1327.0,1069.0
5369,0,5370,0,Plaques,1.0,0.0,1329.875,1068.125,8.0,1329.0,1067.0,1332.0,1070.0
5370,0,5371,0,Plaques,1.0,0.0,582.6667,1070.125,24.0,580.0,1068.0,586.0,1073.0
5371,0,5372,0,Plaques,1.0,0.0,571.9167,1071.125,24.0,569.0,1069.0,576.0,1074.0
5372,0,5373,0,Plaques,1.0,0.0,618.5,1069.5,4.0,618.0,1069.0,620.0,1071.0
5373,0,5374,0,Plaques,1.0,0.0,1254.4,1070.7,10.0,1253.0,1069.0,1257.0,1073.0
5374,0,5375,0,Plaques,1.0,0.0,1526.5,1070.2,10.0,1525.0,1069.0,1529.0,1072.0
5375,0,5376,0,Plaques,1.0,0.0,1550.5,1069.5,4.0,1550.0,1069.0,1552.0,1071.0
5376,0,5377,0,Plaques,1.0,0.0,1560.5,1069.5,4.0,1560.0,1069.0,1562.0,1071.0
5377,0,5378,0,Plaques,1.0,0.0,1579.1111,1070.6666,9.0,1578.0,1069.0,1581.0,1073.0
5378,0,5379,0,Plaques,1.0,0.0,1592.5834,1070.9166,12.0,1591.0,1069.0,1595.0,1074.0
5379,0,5380,0,Plaques,1.0,0.0,279.5,1070.5,4.0,279.0,1070.0,281.0,1072.0
5380,0,5381,0,Plaques,1.0,0.0,608.06665,1071.8,15.0,607.0,1070.0,611.0,1075.0
5381,0,5382,0,Plaques,1.0,0.0,1312.4,1071.2,5.0,1312.0,1070.0,1314.0,1073.0
5382,0,5383,0,Plaques,1.0,0.0,1394.5,1070.5,4.0,1394.0,1070.0,1396.0,1072.0
5383,0,5384,0,Plaques,1.0,0.0,1471.0,1070.0,3.0,1470.0,1070.0,1473.0,1071.0
5384,0,5385,0,Plaques,1.0,0.0,563.5,1071.5,4.0,563.0,1071.0,565.0,1073.0
5385,0,5386,0,Plaques,1.0,0.0,588.36365,1072.4546,11.0,587.0,1071.0,591.0,1075.0
5386,0,5387,0,Plaques,1.0,0.0,1266.0646,1075.871,31.0,1264.0,1071.0,1269.0,1081.0
5387,0,5388,0,Plaques,1.0,0.0,1417.0,1072.5,8.0,1416.0,1071.0,1419.0,1075.0
5388,0,5389,0,Plaques,1.0,0.0,1484.125,1072.125,8.0,1483.0,1071.0,1486.0,1074.0
5389,0,5390,0,Plaques,1.0,0.0,1493.6666,1071.3334,3.0,1493.0,1071.0,1495.0,1073.0
5390,0,5391,0,Plaques,1.0,0.0,1587.0,1072.5,8.0,1586.0,1071.0,1589.0,1075.0
5391,0,5392,0,Plaques,1.0,0.0,1058.5,1072.8,10.0,1057.0,1072.0,1061.0,1075.0
5392,0,5393,0,Plaques,1.0,0.0,1240.7368,1073.9474,19.0,1237.0,1072.0,1245.0,1076.0
5393,0,5394,0,Plaques,1.0,0.0,1293.7142,1073.1428,7.0,1293.0,1072.0,1296.0,1075.0
5394,0,5395,0,Plaques,1.0,0.0,1451.2,1072.6,5.0,1450.0,1072.0,1453.0,1074.0
5395,0,5396,0,Plaques,1.0,0.0,1456.3334,1072.3334,3.0,1456.0,1072.0,1458.0,1074.0
5396,0,5397,0,Plaques,1.0,0.0,1542.8,1073.0,10.0,1541.0,1072.0,1545.0,1075.0
5397,0,5398,0,Plaques,1.0,0.0,1075.9333,1074.4,15.0,1074.0,1073.0,1079.0,1077.0
5398,0,5399,0,Plaques,1.0,0.0,1286.5,1073.5,4.0,1286.0,1073.0,1288.0,1075.0
5399,0,5400,0,Plaques,1.0,0.0,1321.6666,1074.4445,9.0,1320.0,1073.0,1324.0,1077.0
5400,0,5401,0,Plaques,1.0,0.0,1565.6666,1073.3334,3.0,1565.0,1073.0,1567.0,1075.0
5401,0,5402,0,Plaques,1.0,0.0,461.125,1074.875,8.0,460.0,1074.0,463.0,1077.0
5402,0,5403,0,Plaques,1.0,0.0,1063.5,1074.5,4.0,1063.0,1074.0,1065.0,1076.0
5403,0,5404,0,Plaques,1.0,0.0,1260.6666,1074.3334,3.0,1260.0,1074.0,1262.0,1076.0
5404,0,5405,0,Plaques,1.0,0.0,1298.5,1075.0,10.0,1297.0,1074.0,1301.0,1077.0
5405,0,5406,0,Plaques,1.0,0.0,1376.1818,1075.6364,11.0,1375.0,1074.0,1379.0,1078.0
5406,0,5407,0,Plaques,1.0,0.0,1531.4615,1075.1538,13.0,1530.0,1074.0,1534.0,1078.0
5407,0,5408,0,Plaques,1.0,0.0,1599.6666,1074.6666,3.0,1599.0,1074.0,1601.0,1076.0
5408,0,5409,0,Plaques,1.0,0.0,1187.2858,1076.0,7.0,1186.0,1075.0,1189.0,1078.0
5409,0,5410,0,Plaques,1.0,0.0,1301.7333,1084.4222,90.0,1297.0,1075.0,1307.0,1094.0
5410,0,5411,0,Plaques,1.0,0.0,1357.5,1075.5,4.0,1357.0,1075.0,1359.0,1077.0
5411,0,5412,0,Plaques,1.0,0.0,1453.5,1075.5,4.0,1453.0,1075.0,1455.0,1077.0
5412,0,5413,0,Plaques,1.0,0.0,1578.5,1076.0,8.0,1577.0,1075.0,1581.0,1078.0
5413,0,5414,0,Plaques,1.0,0.0,485.9091,1077.3636,11.0,485.0,1076.0,488.0,1080.0
5414,0,5415,0,Plaques,1.0,0.0,564.875,1076.875,8.0,564.0,1076.0,567.0,1079.0
5415,0,5416,0,Plaques,1.0,0.0,583.3333,1076.3334,3.0,583.0,1076.0,585.0,1078.0
5416,0,5417,0,Plaques,1.0,0.0,1070.7,1077.5,10.0,1069.0,1076.0,1073.0,1080.0
5417,0,5418,0,Plaques,1.0,0.0,1175.3334,1077.5555,9.0,1174.0,1076.0,1177.0,1080.0
5418,0,5419,0,Plaques,1.0,0.0,1194.0,1077.8462,13.0,1192.0,1076.0,1197.0,1081.0
5419,0,5420,0,Plaques,1.0,0.0,1441.2,1077.0,10.0,1440.0,1076.0,1444.0,1079.0
5420,0,5421,0,Plaques,1.0,0.0,596.5,1077.5,4.0,596.0,1077.0,598.0,1079.0
5421,0,5422,0,Plaques,1.0,0.0,1231.6666,1078.1111,9.0,1230.0,1077.0,1234.0,1080.0
5422,0,5423,0,Plaques,1.0,0.0,1279.0,1078.2858,7.0,1278.0,1077.0,1281.0,1080.0
5423,0,5424,0,Plaques,1.0,0.0,1287.8636,1080.4546,22.0,1285.0,1077.0,1291.0,1084.0
5424,0,5425,0,Plaques,1.0,0.0,1446.75,1077.625,8.0,1445.0,1077.0,1449.0,1080.0
5425,0,5426,0,Plaques,1.0,0.0,1481.2858,1078.0,7.0,1480.0,1077.0,1483.0,1080.0
5426,0,5427,0,Plaques,1.0,0.0,1515.0,1078.2858,7.0,1514.0,1077.0,1517.0,1080.0
5427,0,5428,0,Plaques,1.0,0.0,1564.5,1077.5,4.0,1564.0,1077.0,1566.0,1079.0
5428,0,5429,0,Plaques,1.0,0.0,1571.44,1078.84,25.0,1568.0,1077.0,1575.0,1082.0
5429,0,5430,0,Plaques,1.0,0.0,406.75,1078.75,4.0,406.0,1078.0,408.0,1081.0
5430,0,5431,0,Plaques,1.0,0.0,580.5,1078.5,4.0,580.0,1078.0,582.0,1080.0
5431,0,5432,0,Plaques,1.0,0.0,1065.9231,1079.3077,13.0,1064.0,1078.0,1069.0,1082.0
5432,0,5433,0,Plaques,1.0,0.0,1307.5,1078.5,4.0,1307.0,1078.0,1309.0,1080.0
5433,0,5434,0,Plaques,1.0,0.0,1412.5,1078.5,4.0,1412.0,1078.0,1414.0,1080.0
5434,0,5435,0,Plaques,1.0,0.0,1460.5,1078.5,4.0,1460.0,1078.0,1462.0,1080.0
5435,0,5436,0,Plaques,1.0,0.0,1497.4286,1079.1428,14.0,1495.0,1078.0,1501.0,1081.0
5436,0,5437,0,Plaques,1.0,0.0,1594.125,1078.875,8.0,1593.0,1078.0,1596.0,1081.0
5437,0,5438,0,Plaques,1.0,0.0,1055.9181,1086.4098,61.0,1053.0,1079.0,1059.0,1095.0
5438,0,5439,0,Plaques,1.0,0.0,1163.5416,1080.9166,24.0,1160.0,1079.0,1168.0,1084.0
5439,0,5440,0,Plaques,1.0,0.0,1222.5,1079.5,4.0,1222.0,1079.0,1224.0,1081.0
5440,0,5441,0,Plaques,1.0,0.0,1537.7548,1081.9811,53.0,1532.0,1079.0,1545.0,1086.0
5441,0,5442,0,Plaques,1.0,0.0,1238.3334,1080.6666,3.0,1238.0,1080.0,1240.0,1082.0
5442,0,5443,0,Plaques,1.0,0.0,1432.5,1080.5,4.0,1432.0,1080.0,1434.0,1082.0
5443,0,5444,0,Plaques,1.0,0.0,1083.9615,1083.3077,26.0,1081.0,1081.0,1088.0,1086.0
5444,0,5445,0,Plaques,1.0,0.0,1155.0,1082.2,10.0,1154.0,1081.0,1157.0,1085.0
5445,0,5446,0,Plaques,1.0,0.0,1175.7428,1085.9143,35.0,1173.0,1081.0,1181.0,1091.0
5446,0,5447,0,Plaques,1.0,0.0,1253.5,1081.5,4.0,1253.0,1081.0,1255.0,1083.0
5447,0,5448,0,Plaques,1.0,0.0,1275.0,1082.2,10.0,1274.0,1081.0,1277.0,1085.0
5448,0,5449,0,Plaques,1.0,0.0,1482.0555,1083.0555,18.0,1479.0,1081.0,1486.0,1086.0
5449,0,5450,0,Plaques,1.0,0.0,1527.3334,1082.1111,9.0,1526.0,1081.0,1530.0,1084.0
5450,0,5451,0,Plaques,1.0,0.0,404.8,1082.4,5.0,404.0,1082.0,407.0,1084.0
5451,0,5452,0,Plaques,1.0,0.0,1071.8,1084.56,25.0,1069.0,1082.0,1076.0,1088.0
5452,0,5453,0,Plaques,1.0,0.0,1203.25,1083.0,4.0,1203.0,1082.0,1205.0,1085.0
5453,0,5454,0,Plaques,1.0,0.0,1313.6428,1083.0714,14.0,1311.0,1082.0,1318.0,1085.0
5454,0,5455,0,Plaques,1.0,0.0,1357.0,1082.5,6.0,1356.0,1082.0,1359.0,1084.0
5455,0,5456,0,Plaques,1.0,0.0,1408.125,1082.875,8.0,1407.0,1082.0,1410.0,1085.0
5456,0,5457,0,Plaques,1.0,0.0,1413.5,1082.5,4.0,1413.0,1082.0,1415.0,1084.0
5457,0,5458,0,Plaques,1.0,0.0,1553.8,1083.0,10.0,1552.0,1082.0,1556.0,1085.0
5458,0,5459,0,Plaques,1.0,0.0,1583.2222,1084.0555,18.0,1581.0,1082.0,1586.0,1087.0
5459,0,5460,0,Plaques,1.0,0.0,1039.0,1085.6842,19.0,1038.0,1083.0,1041.0,1090.0
5460,0,5461,0,Plaques,1.0,0.0,1189.1666,1083.9166,12.0,1187.0,1083.0,1192.0,1086.0
5461,0,5462,0,Plaques,1.0,0.0,574.0,1085.0,13.0,572.0,1084.0,577.0,1087.0
5462,0,5463,0,Plaques,1.0,0.0,1048.3334,1084.3334,3.0,1048.0,1084.0,1050.0,1086.0
5463,0,5464,0,Plaques,1.0,0.0,1472.875,1084.875,8.0,1472.0,1084.0,1475.0,1087.0
5464,0,5465,0,Plaques,1.0,0.0,529.5,1085.5,4.0,529.0,1085.0,531.0,1087.0
5465,0,5466,0,Plaques,1.0,0.0,1183.5,1085.5,8.0,1182.0,1085.0,1186.0,1087.0
5466,0,5467,0,Plaques,1.0,0.0,1574.014,1090.7465,71.0,1566.0,1085.0,1582.0,1098.0
5467,0,5468,0,Plaques,1.0,0.0,555.5,1086.5,4.0,555.0,1086.0,557.0,1088.0
5468,0,5469,0,Plaques,1.0,0.0,1152.1666,1087.6666,18.0,1149.0,1086.0,1156.0,1090.0
5469,0,5470,0,Plaques,1.0,0.0,1162.7059,1087.8823,17.0,1161.0,1086.0,1165.0,1091.0
5470,0,5471,0,Plaques,1.0,0.0,1168.875,1087.125,8.0,1168.0,1086.0,1171.0,1089.0
5471,0,5472,0,Plaques,1.0,0.0,1322.2858,1087.0,7.0,1321.0,1086.0,1324.0,1089.0
5472,0,5473,0,Plaques,1.0,0.0,1440.7,1087.3,10.0,1439.0,1086.0,1443.0,1090.0
5473,0,5474,0,Plaques,1.0,0.0,1593.0,1086.5,6.0,1592.0,1086.0,1595.0,1088.0
5474,0,5475,0,Plaques,1.0,0.0,534.7,1088.7,10.0,533.0,1087.0,537.0,1091.0
5475,0,5476,0,Plaques,1.0,0.0,1264.5,1088.2,10.0,1263.0,1087.0,1267.0,1090.0
5476,0,5477,0,Plaques,1.0,0.0,1270.8422,1089.1578,19.0,1269.0,1087.0,1274.0,1092.0
5477,0,5478,0,Plaques,1.0,0.0,1291.5,1087.5,4.0,1291.0,1087.0,1293.0,1089.0
5478,0,5479,0,Plaques,1.0,0.0,1310.5264,1090.579,19.0,1309.0,1087.0,1313.0,1095.0
5479,0,5480,0,Plaques,1.0,0.0,1488.9656,1089.1724,29.0,1484.0,1087.0,1494.0,1093.0
5480,0,5481,0,Plaques,1.0,0.0,1529.1111,1088.4445,9.0,1528.0,1087.0,1531.0,1091.0
5481,0,5482,0,Plaques,1.0,0.0,1559.3334,1087.6666,3.0,1559.0,1087.0,1561.0,1089.0
5482,0,5483,0,Plaques,1.0,0.0,496.0,1088.5,6.0,495.0,1088.0,498.0,1090.0
5483,0,5484,0,Plaques,1.0,0.0,1519.3334,1090.0834,12.0,1518.0,1088.0,1522.0,1093.0
5484,0,5485,0,Plaques,1.0,0.0,1187.2222,1090.8889,9.0,1186.0,1089.0,1189.0,1093.0
5485,0,5486,0,Plaques,1.0,0.0,1198.875,1091.8334,24.0,1197.0,1089.0,1202.0,1096.0
5486,0,5487,0,Plaques,1.0,0.0,1211.6666,1090.7222,18.0,1209.0,1089.0,1215.0,1093.0
5487,0,5488,0,Plaques,1.0,0.0,1280.7142,1090.0,7.0,1280.0,1089.0,1283.0,1092.0
5488,0,5489,0,Plaques,1.0,0.0,1416.2858,1090.0,7.0,1415.0,1089.0,1418.0,1092.0
5489,0,5490,0,Plaques,1.0,0.0,1524.5,1089.5,4.0,1524.0,1089.0,1526.0,1091.0
5490,0,5491,0,Plaques,1.0,0.0,1537.0,1089.7142,7.0,1536.0,1089.0,1539.0,1092.0
5491,0,5492,0,Plaques,1.0,0.0,1554.7858,1092.3572,14.0,1554.0,1089.0,1557.0,1096.0
5492,0,5493,0,Plaques,1.0,0.0,339.5,1090.5,4.0,339.0,1090.0,341.0,1092.0
5493,0,5494,0,Plaques,1.0,0.0,1124.5272,1094.9636,55.0,1120.0,1090.0,1129.0,1102.0
5494,0,5495,0,Plaques,1.0,0.0,1158.4,1092.2667,15.0,1157.0,1090.0,1161.0,1095.0
5495,0,5496,0,Plaques,1.0,0.0,1461.1666,1091.1666,6.0,1460.0,1090.0,1463.0,1093.0
5496,0,5497,0,Plaques,1.0,0.0,1474.2,1090.8,15.0,1472.0,1090.0,1478.0,1093.0
5497,0,5498,0,Plaques,1.0,0.0,1496.1818,1091.1818,11.0,1495.0,1090.0,1499.0,1094.0
5498,0,5499,0,Plaques,1.0,0.0,1549.875,1091.125,8.0,1549.0,1090.0,1552.0,1093.0
5499,0,5500,0,Plaques,1.0,0.0,518.8333,1092.1666,6.0,518.0,1091.0,521.0,1094.0
5500,0,5501,0,Plaques,1.0,0.0,1079.5,1091.5,4.0,1079.0,1091.0,1081.0,1093.0
5501,0,5502,0,Plaques,1.0,0.0,1181.625,1092.8125,16.0,1180.0,1091.0,1184.0,1096.0
5502,0,5503,0,Plaques,1.0,0.0,1223.6216,1093.8379,37.0,1220.0,1091.0,1228.0,1098.0
5503,0,5504,0,Plaques,1.0,0.0,1377.5,1092.5,8.0,1377.0,1091.0,1379.0,1095.0
5504,0,5505,0,Plaques,1.0,0.0,1543.6666,1091.3334,3.0,1543.0,1091.0,1545.0,1093.0
5505,0,5506,0,Plaques,1.0,0.0,1042.1609,1098.1724,87.0,1037.0,1092.0,1049.0,1107.0
5506,0,5507,0,Plaques,1.0,0.0,1234.625,1093.875,16.0,1233.0,1092.0,1238.0,1097.0
5507,0,5508,0,Plaques,1.0,0.0,1351.7142,1093.1428,14.0,1350.0,1092.0,1355.0,1096.0
5508,0,5509,0,Plaques,1.0,0.0,1372.5,1092.5,4.0,1372.0,1092.0,1374.0,1094.0
5509,0,5510,0,Plaques,1.0,0.0,1403.5,1092.5,4.0,1403.0,1092.0,1405.0,1094.0
5510,0,5511,0,Plaques,1.0,0.0,1293.1111,1094.6666,9.0,1292.0,1093.0,1295.0,1097.0
5511,0,5512,0,Plaques,1.0,0.0,1325.2307,1094.2307,13.0,1324.0,1093.0,1328.0,1097.0
5512,0,5513,0,Plaques,1.0,0.0,1389.0,1094.2858,7.0,1388.0,1093.0,1391.0,1096.0
5513,0,5514,0,Plaques,1.0,0.0,1564.7,1094.3,10.0,1563.0,1093.0,1567.0,1097.0
5514,0,5515,0,Plaques,1.0,0.0,350.16666,1095.1666,6.0,349.0,1094.0,352.0,1097.0
5515,0,5516,0,Plaques,1.0,0.0,1191.2222,1095.5555,9.0,1190.0,1094.0,1194.0,1098.0
5516,0,5517,0,Plaques,1.0,0.0,1491.5714,1096.6428,14.0,1490.0,1094.0,1494.0,1100.0
5517,0,5518,0,Plaques,1.0,0.0,1524.5555,1094.7778,9.0,1522.0,1094.0,1527.0,1097.0
5518,0,5519,0,Plaques,1.0,0.0,1547.2858,1095.0,7.0,1546.0,1094.0,1549.0,1097.0
5519,0,5520,0,Plaques,1.0,0.0,1067.6268,1100.2388,67.0,1060.0,1095.0,1075.0,1106.0
5520,0,5521,0,Plaques,1.0,0.0,1154.5,1095.8,10.0,1153.0,1095.0,1157.0,1098.0
5521,0,5522,0,Plaques,1.0,0.0,1167.125,1097.9166,24.0,1165.0,1095.0,1170.0,1102.0
5522,0,5523,0,Plaques,1.0,0.0,1206.5,1096.2858,14.0,1205.0,1095.0,1209.0,1099.0
5523,0,5524,0,Plaques,1.0,0.0,1217.5,1096.4,10.0,1216.0,1095.0,1220.0,1099.0
5524,0,5525,0,Plaques,1.0,0.0,1245.0,1096.1666,12.0,1242.0,1095.0,1248.0,1098.0
5525,0,5526,0,Plaques,1.0,0.0,465.16666,1097.1666,6.0,464.0,1096.0,467.0,1099.0
5526,0,5527,0,Plaques,1.0,0.0,1078.5,1096.5,4.0,1078.0,1096.0,1080.0,1098.0
5527,0,5528,0,Plaques,1.0,0.0,1195.6,1096.8,5.0,1195.0,1096.0,1197.0,1099.0
5528,0,5529,0,Plaques,1.0,0.0,1276.8,1097.8,15.0,1275.0,1096.0,1280.0,1101.0
5529,0,5530,0,Plaques,1.0,0.0,1398.5,1097.0,6.0,1398.0,1096.0,1400.0,1099.0
5530,0,5531,0,Plaques,1.0,0.0,1411.5,1096.5,8.0,1410.0,1096.0,1414.0,1098.0
5531,0,5532,0,Plaques,1.0,0.0,1496.5116,1101.5581,43.0,1493.0,1096.0,1500.0,1107.0
5532,0,5533,0,Plaques,1.0,0.0,1573.3334,1102.3077,39.0,1570.0,1096.0,1576.0,1109.0
5533,0,5534,0,Plaques,1.0,0.0,1095.4131,1101.5652,92.0,1084.0,1097.0,1108.0,1107.0
5534,0,5535,0,Plaques,1.0,0.0,1186.0,1099.0,23.0,1184.0,1097.0,1189.0,1102.0
5535,0,5536,0,Plaques,1.0,0.0,1254.0,1098.0,9.0,1253.0,1097.0,1256.0,1100.0
5536,0,5537,0,Plaques,1.0,0.0,1267.4706,1099.2354,17.0,1265.0,1097.0,1270.0,1102.0
5537,0,5538,0,Plaques,1.0,0.0,1318.0,1098.2858,7.0,1317.0,1097.0,1320.0,1100.0
5538,0,5539,0,Plaques,1.0,0.0,1437.3667,1100.3,30.0,1435.0,1097.0,1441.0,1104.0
5539,0,5540,0,Plaques,1.0,0.0,1051.8077,1106.1025,78.0,1046.0,1098.0,1057.0,1114.0
5540,0,5541,0,Plaques,1.0,0.0,1146.3334,1098.3334,3.0,1146.0,1098.0,1148.0,1100.0
5541,0,5542,0,Plaques,1.0,0.0,1174.6,1099.6,15.0,1173.0,1098.0,1177.0,1102.0
5542,0,5543,0,Plaques,1.0,0.0,1294.25,1099.5,8.0,1293.0,1098.0,1296.0,1102.0
5543,0,5544,0,Plaques,1.0,0.0,1375.5,1098.5,4.0,1375.0,1098.0,1377.0,1100.0
5544,0,5545,0,Plaques,1.0,0.0,1391.0,1098.7142,7.0,1390.0,1098.0,1393.0,1101.0
5545,0,5546,0,Plaques,1.0,0.0,1424.8,1098.6,5.0,1424.0,1098.0,1427.0,1100.0
5546,0,5547,0,Plaques,1.0,0.0,1558.25,1099.75,16.0,1556.0,1098.0,1562.0,1103.0
5547,0,5548,0,Plaques,1.0,0.0,1586.5,1098.5,4.0,1586.0,1098.0,1588.0,1100.0
5548,0,5549,0,Plaques,1.0,0.0,443.5,1099.5,4.0,443.0,1099.0,445.0,1101.0
5549,0,5550,0,Plaques,1.0,0.0,1200.5,1099.5,4.0,1200.0,1099.0,1202.0,1101.0
5550,0,5551,0,Plaques,1.0,0.0,1233.6666,1099.8889,9.0,1232.0,1099.0,1236.0,1102.0
5551,0,5552,0,Plaques,1.0,0.0,1282.5,1099.5,4.0,1282.0,1099.0,1284.0,1101.0
5552,0,5553,0,Plaques,1.0,0.0,1444.0769,1100.3846,13.0,1442.0,1099.0,1447.0,1103.0
5553,0,5554,0,Plaques,1.0,0.0,1483.1666,1099.8334,6.0,1482.0,1099.0,1485.0,1102.0
5554,0,5555,0,Plaques,1.0,0.0,1537.5,1099.8,10.0,1536.0,1099.0,1540.0,1102.0
5555,0,5556,0,Plaques,1.0,0.0,1081.3846,1101.2307,13.0,1080.0,1100.0,1084.0,1104.0
5556,0,5557,0,Plaques,1.0,0.0,1417.2,1100.6,5.0,1416.0,1100.0,1419.0,1102.0
5557,0,5558,0,Plaques,1.0,0.0,1545.174,1103.3043,23.0,1542.0,1100.0,1548.0,1107.0
5558,0,5559,0,Plaques,1.0,0.0,1141.5,1101.8,10.0,1140.0,1101.0,1144.0,1104.0
5559,0,5560,0,Plaques,1.0,0.0,1161.3334,1102.1111,9.0,1160.0,1101.0,1164.0,1104.0
5560,0,5561,0,Plaques,1.0,0.0,1323.1666,1101.8334,6.0,1322.0,1101.0,1325.0,1104.0
5561,0,5562,0,Plaques,1.0,0.0,1368.0,1102.0,9.0,1367.0,1101.0,1370.0,1104.0
5562,0,5563,0,Plaques,1.0,0.0,1530.0,1103.1,10.0,1529.0,1101.0,1532.0,1107.0
5563,0,5564,0,Plaques,1.0,0.0,1503.6316,1104.6842,19.0,1502.0,1102.0,1506.0,1108.0
5564,0,5565,0,Plaques,1.0,0.0,1514.2941,1103.4117,17.0,1512.0,1102.0,1517.0,1106.0
5565,0,5566,0,Plaques,1.0,0.0,1229.3077,1104.0,13.0,1227.0,1103.0,1232.0,1106.0
5566,0,5567,0,Plaques,1.0,0.0,1269.0625,1104.875,16.0,1267.0,1103.0,1272.0,1108.0
5567,0,5568,0,Plaques,1.0,0.0,1274.3334,1103.8889,9.0,1273.0,1103.0,1277.0,1106.0
5568,0,5569,0,Plaques,1.0,0.0,1347.0,1103.5,6.0,1346.0,1103.0,1349.0,1105.0
5569,0,5570,0,Plaques,1.0,0.0,1449.0,1103.7142,7.0,1448.0,1103.0,1451.0,1106.0
5570,0,5571,0,Plaques,1.0,0.0,1489.2609,1105.7391,23.0,1487.0,1103.0,1492.0,1110.0
5571,0,5572,0,Plaques,1.0,0.0,1508.5,1103.5,4.0,1508.0,1103.0,1510.0,1105.0
5572,0,5573,0,Plaques,1.0,0.0,314.75,1105.75,20.0,313.0,1104.0,318.0,1109.0
5573,0,5574,0,Plaques,1.0,0.0,1239.5,1105.0,6.0,1239.0,1104.0,1241.0,1107.0
5574,0,5575,0,Plaques,1.0,0.0,1256.7059,1106.5883,34.0,1253.0,1104.0,1262.0,1110.0
5575,0,5576,0,Plaques,1.0,0.0,1556.9487,1106.3846,39.0,1551.0,1104.0,1562.0,1109.0
5576,0,5577,0,Plaques,1.0,0.0,1165.2,1106.5,10.0,1164.0,1105.0,1167.0,1109.0
5577,0,5578,0,Plaques,1.0,0.0,1183.2858,1106.0,7.0,1182.0,1105.0,1185.0,1108.0
5578,0,5579,0,Plaques,1.0,0.0,1207.0,1106.1666,12.0,1205.0,1105.0,1210.0,1109.0
5579,0,5580,0,Plaques,1.0,0.0,1215.909,1106.3636,11.0,1215.0,1105.0,1218.0,1109.0
5580,0,5581,0,Plaques,1.0,0.0,1309.0,1107.3684,19.0,1306.0,1105.0,1313.0,1111.0
5581,0,5582,0,Plaques,1.0,0.0,1356.5,1105.5,4.0,1356.0,1105.0,1358.0,1107.0
5582,0,5583,0,Plaques,1.0,0.0,1411.8334,1105.8334,6.0,1411.0,1105.0,1414.0,1108.0
5583,0,5584,0,Plaques,1.0,0.0,1426.5,1105.5,4.0,1426.0,1105.0,1428.0,1107.0
5584,0,5585,0,Plaques,1.0,0.0,1444.4783,1108.0869,23.0,1442.0,1105.0,1448.0,1112.0
5585,0,5586,0,Plaques,1.0,0.0,1245.7273,1108.5,22.0,1244.0,1106.0,1249.0,1112.0
5586,0,5587,0,Plaques,1.0,0.0,1281.5,1106.5,4.0,1281.0,1106.0,1283.0,1108.0
5587,0,5588,0,Plaques,1.0,0.0,1098.3846,1109.3462,26.0,1095.0,1107.0,1102.0,1113.0
5588,0,5589,0,Plaques,1.0,0.0,1223.5,1107.5,4.0,1223.0,1107.0,1225.0,1109.0
5589,0,5590,0,Plaques,1.0,0.0,1301.3846,1108.3846,13.0,1300.0,1107.0,1304.0,1111.0
5590,0,5591,0,Plaques,1.0,0.0,1323.8,1108.5,10.0,1323.0,1107.0,1326.0,1111.0
5591,0,5592,0,Plaques,1.0,0.0,1438.2,1107.9,10.0,1437.0,1107.0,1441.0,1110.0
5592,0,5593,0,Plaques,1.0,0.0,1478.2858,1108.0,7.0,1477.0,1107.0,1480.0,1110.0
5593,0,5594,0,Plaques,1.0,0.0,298.33334,1108.3334,3.0,298.0,1108.0,300.0,1110.0
5594,0,5595,0,Plaques,1.0,0.0,1057.909,1109.6364,11.0,1057.0,1108.0,1060.0,1112.0
5595,0,5596,0,Plaques,1.0,0.0,1139.6364,1109.091,11.0,1138.0,1108.0,1142.0,1111.0
5596,0,5597,0,Plaques,1.0,0.0,1293.381,1110.238,21.0,1291.0,1108.0,1297.0,1113.0
5597,0,5598,0,Plaques,1.0,0.0,1404.5,1108.5,4.0,1404.0,1108.0,1406.0,1110.0
5598,0,5599,0,Plaques,1.0,0.0,1464.125,1108.875,8.0,1463.0,1108.0,1466.0,1111.0
5599,0,5600,0,Plaques,1.0,0.0,1040.6666,1110.5333,15.0,1039.0,1109.0,1044.0,1113.0
5600,0,5601,0,Plaques,1.0,0.0,1235.8334,1110.1666,12.0,1233.0,1109.0,1239.0,1112.0
5601,0,5602,0,Plaques,1.0,0.0,1019.125,1111.125,8.0,1018.0,1110.0,1021.0,1113.0
5602,0,5603,0,Plaques,1.0,0.0,1143.5,1110.5,4.0,1143.0,1110.0,1145.0,1112.0
5603,0,5604,0,Plaques,1.0,0.0,1189.1364,1112.7727,22.0,1186.0,1110.0,1193.0,1116.0
5604,0,5605,0,Plaques,1.0,0.0,1196.0834,1110.9166,12.0,1194.0,1110.0,1199.0,1113.0
5605,0,5606,0,Plaques,1.0,0.0,1209.0,1111.6666,9.0,1208.0,1110.0,1211.0,1114.0
5606,0,5607,0,Plaques,1.0,0.0,1230.0,1110.5,6.0,1229.0,1110.0,1232.0,1112.0
5607,0,5608,0,Plaques,1.0,0.0,1270.5,1111.2,10.0,1269.0,1110.0,1273.0,1113.0
5608,0,5609,0,Plaques,1.0,0.0,1219.5,1111.5,4.0,1219.0,1111.0,1221.0,1113.0
5609,0,5610,0,Plaques,1.0,0.0,1266.0,1112.0,9.0,1265.0,1111.0,1268.0,1114.0
5610,0,5611,0,Plaques,1.0,0.0,1321.5,1111.5,4.0,1321.0,1111.0,1323.0,1113.0
5611,0,5612,0,Plaques,1.0,0.0,1509.0,1113.4054,37.0,1505.0,1111.0,1515.0,1117.0
5612,0,5613,0,Plaques,1.0,0.0,1556.1177,1115.1177,51.0,1551.0,1111.0,1562.0,1120.0
5613,0,5614,0,Plaques,1.0,0.0,1355.6666,1112.3334,3.0,1355.0,1112.0,1357.0,1114.0
5614,0,5615,0,Plaques,1.0,0.0,1467.2,1112.4,5.0,1466.0,1112.0,1469.0,1114.0
5615,0,5616,0,Plaques,1.0,0.0,1494.1666,1113.1666,6.0,1493.0,1112.0,1496.0,1115.0
5616,0,5617,0,Plaques,1.0,0.0,1523.1111,1113.3334,9.0,1522.0,1112.0,1525.0,1116.0
5617,0,5618,0,Plaques,1.0,0.0,1126.8,1114.5,10.0,1126.0,1113.0,1129.0,1117.0
5618,0,5619,0,Plaques,1.0,0.0,1224.8,1113.6,5.0,1224.0,1113.0,1227.0,1115.0
5619,0,5620,0,Plaques,1.0,0.0,1400.0,1115.3077,13.0,1399.0,1113.0,1402.0,1118.0
5620,0,5621,0,Plaques,1.0,0.0,1421.5,1113.5,4.0,1421.0,1113.0,1423.0,1115.0
5621,0,5622,0,Plaques,1.0,0.0,1430.6666,1113.6666,3.0,1430.0,1113.0,1432.0,1115.0
5622,0,5623,0,Plaques,1.0,0.0,1548.0,1113.5,6.0,1547.0,1113.0,1550.0,1115.0
5623,0,5624,0,Plaques,1.0,0.0,290.0,1114.5,6.0,289.0,1114.0,292.0,1116.0
5624,0,5625,0,Plaques,1.0,0.0,1030.091,1115.3636,11.0,1029.0,1114.0,1032.0,1118.0
5625,0,5626,0,Plaques,1.0,0.0,1143.1538,1116.1923,26.0,1140.0,1114.0,1147.0,1119.0
5626,0,5627,0,Plaques,1.0,0.0,1175.8462,1115.3846,13.0,1174.0,1114.0,1179.0,1118.0
5627,0,5628,0,Plaques,1.0,0.0,1252.091,1116.1818,11.0,1251.0,1114.0,1255.0,1119.0
5628,0,5629,0,Plaques,1.0,0.0,1288.5,1114.5,4.0,1288.0,1114.0,1290.0,1116.0
5629,0,5630,0,Plaques,1.0,0.0,1301.2,1116.1333,15.0,1298.0,1114.0,1305.0,1120.0
5630,0,5631,0,Plaques,1.0,0.0,1342.0,1114.7142,7.0,1341.0,1114.0,1344.0,1117.0
5631,0,5632,0,Plaques,1.0,0.0,1499.0,1115.0,7.0,1498.0,1114.0,1501.0,1117.0
5632,0,5633,0,Plaques,1.0,0.0,1036.8,1117.3334,15.0,1035.0,1115.0,1039.0,1120.0
5633,0,5634,0,Plaques,1.0,0.0,1160.0,1116.2858,7.0,1159.0,1115.0,1162.0,1118.0
5634,0,5635,0,Plaques,1.0,0.0,1164.1666,1116.1666,6.0,1163.0,1115.0,1166.0,1118.0
5635,0,5636,0,Plaques,1.0,0.0,1276.9231,1118.0385,26.0,1273.0,1115.0,1281.0,1122.0
5636,0,5637,0,Plaques,1.0,0.0,1409.0,1116.0,9.0,1408.0,1115.0,1411.0,1118.0
5637,0,5638,0,Plaques,1.0,0.0,1575.3334,1115.3334,3.0,1575.0,1115.0,1577.0,1117.0
5638,0,5639,0,Plaques,1.0,0.0,438.8,1116.4,5.0,438.0,1116.0,441.0,1118.0
5639,0,5640,0,Plaques,1.0,0.0,1020.0909,1117.3636,11.0,1019.0,1116.0,1022.0,1120.0
5640,0,5641,0,Plaques,1.0,0.0,1456.2,1117.7,10.0,1455.0,1116.0,1459.0,1120.0
5641,0,5642,0,Plaques,1.0,0.0,1486.75,1119.0,20.0,1485.0,1116.0,1490.0,1123.0
5642,0,5643,0,Plaques,1.0,0.0,1117.326,1121.7174,46.0,1111.0,1117.0,1123.0,1126.0
5643,0,5644,0,Plaques,1.0,0.0,1171.5,1117.5,4.0,1171.0,1117.0,1173.0,1119.0
5644,0,5645,0,Plaques,1.0,0.0,1221.7693,1118.3846,13.0,1220.0,1117.0,1224.0,1121.0
5645,0,5646,0,Plaques,1.0,0.0,1257.8,1118.0,10.0,1256.0,1117.0,1260.0,1120.0
5646,0,5647,0,Plaques,1.0,0.0,1449.5,1118.0,6.0,1449.0,1117.0,1451.0,1120.0
5647,0,5648,0,Plaques,1.0,0.0,1130.5,1119.0,6.0,1130.0,1118.0,1132.0,1121.0
5648,0,5649,0,Plaques,1.0,0.0,1376.5,1118.5,4.0,1376.0,1118.0,1378.0,1120.0
5649,0,5650,0,Plaques,1.0,0.0,1435.5,1119.5,8.0,1435.0,1118.0,1437.0,1122.0
5650,0,5651,0,Plaques,1.0,0.0,1471.75,1119.4166,12.0,1470.0,1118.0,1474.0,1122.0
5651,0,5652,0,Plaques,1.0,0.0,1494.125,1118.875,8.0,1493.0,1118.0,1496.0,1121.0
5652,0,5653,0,Plaques,1.0,0.0,1508.5,1119.5,12.0,1507.0,1118.0,1511.0,1122.0
5653,0,5654,0,Plaques,1.0,0.0,1545.3846,1119.6154,13.0,1544.0,1118.0,1548.0,1122.0
5654,0,5655,0,Plaques,1.0,0.0,1570.5,1119.7142,14.0,1569.0,1118.0,1573.0,1122.0
5655,0,5656,0,Plaques,1.0,0.0,1266.76,1122.84,25.0,1264.0,1119.0,1270.0,1127.0
5656,0,5657,0,Plaques,1.0,0.0,1382.125,1120.125,8.0,1381.0,1119.0,1384.0,1122.0
5657,0,5658,0,Plaques,1.0,0.0,1395.5,1120.0,8.0,1394.0,1119.0,1398.0,1122.0
5658,0,5659,0,Plaques,1.0,0.0,1414.0,1120.0,9.0,1413.0,1119.0,1416.0,1122.0
5659,0,5660,0,Plaques,1.0,0.0,1190.8,1120.4,5.0,1190.0,1120.0,1193.0,1122.0
5660,0,5661,0,Plaques,1.0,0.0,1204.1818,1121.8182,11.0,1203.0,1120.0,1207.0,1124.0
5661,0,5662,0,Plaques,1.0,0.0,1533.675,1124.6,40.0,1530.0,1120.0,1538.0,1130.0
5662,0,5663,0,Plaques,1.0,0.0,1099.7142,1122.0,7.0,1099.0,1121.0,1102.0,1124.0
5663,0,5664,0,Plaques,1.0,0.0,1135.5,1121.5,4.0,1135.0,1121.0,1137.0,1123.0
5664,0,5665,0,Plaques,1.0,0.0,1211.0,1122.2858,7.0,1210.0,1121.0,1213.0,1124.0
5665,0,5666,0,Plaques,1.0,0.0,1372.5,1122.0,6.0,1372.0,1121.0,1374.0,1124.0
5666,0,5667,0,Plaques,1.0,0.0,1501.6666,1122.25,12.0,1500.0,1121.0,1504.0,1125.0
5667,0,5668,0,Plaques,1.0,0.0,1242.5,1123.5,12.0,1241.0,1122.0,1245.0,1126.0
5668,0,5669,0,Plaques,1.0,0.0,1309.6666,1122.6666,3.0,1309.0,1122.0,1311.0,1124.0
5669,0,5670,0,Plaques,1.0,0.0,1316.875,1122.875,8.0,1316.0,1122.0,1319.0,1125.0
5670,0,5671,0,Plaques,1.0,0.0,1344.2,1122.6,5.0,1343.0,1122.0,1346.0,1124.0
5671,0,5672,0,Plaques,1.0,0.0,297.7143,1124.0,7.0,297.0,1123.0,300.0,1126.0
5672,0,5673,0,Plaques,1.0,0.0,1106.7142,1124.0,7.0,1106.0,1123.0,1109.0,1126.0
5673,0,5674,0,Plaques,1.0,0.0,1130.7858,1126.4286,28.0,1127.0,1123.0,1135.0,1131.0
5674,0,5675,0,Plaques,1.0,0.0,1147.875,1124.5,16.0,1145.0,1123.0,1151.0,1127.0
5675,0,5676,0,Plaques,1.0,0.0,1260.0,1124.2858,7.0,1259.0,1123.0,1262.0,1126.0
5676,0,5677,0,Plaques,1.0,0.0,1304.0,1123.7142,7.0,1303.0,1123.0,1306.0,1126.0
5677,0,5678,0,Plaques,1.0,0.0,1340.7142,1124.0,7.0,1340.0,1123.0,1343.0,1126.0
5678,0,5679,0,Plaques,1.0,0.0,1453.7037,1124.7037,27.0,1450.0,1123.0,1458.0,1128.0
5679,0,5680,0,Plaques,1.0,0.0,1156.875,1125.125,8.0,1156.0,1124.0,1159.0,1127.0
5680,0,5681,0,Plaques,1.0,0.0,1178.0,1125.0,7.0,1177.0,1124.0,1180.0,1127.0
5681,0,5682,0,Plaques,1.0,0.0,1273.3334,1126.1666,12.0,1272.0,1124.0,1276.0,1129.0
5682,0,5683,0,Plaques,1.0,0.0,1322.75,1124.75,8.0,1321.0,1124.0,1325.0,1127.0
5683,0,5684,0,Plaques,1.0,0.0,1355.0,1124.7142,7.0,1354.0,1124.0,1357.0,1127.0
5684,0,5685,0,Plaques,1.0,0.0,1513.125,1125.125,8.0,1512.0,1124.0,1515.0,1127.0
5685,0,5686,0,Plaques,1.0,0.0,1520.4166,1126.7916,24.0,1518.0,1124.0,1524.0,1131.0
5686,0,5687,0,Plaques,1.0,0.0,1547.6154,1125.3846,13.0,1546.0,1124.0,1550.0,1128.0
5687,0,5688,0,Plaques,1.0,0.0,1140.25,1126.4166,12.0,1139.0,1125.0,1143.0,1129.0
5688,0,5689,0,Plaques,1.0,0.0,1220.5,1125.5,4.0,1220.0,1125.0,1222.0,1127.0
5689,0,5690,0,Plaques,1.0,0.0,1226.6666,1126.75,12.0,1225.0,1125.0,1229.0,1129.0
5690,0,5691,0,Plaques,1.0,0.0,1463.6666,1125.8889,9.0,1462.0,1125.0,1466.0,1128.0
5691,0,5692,0,Plaques,1.0,0.0,1492.0,1126.2858,7.0,1491.0,1125.0,1494.0,1128.0
5692,0,5693,0,Plaques,1.0,0.0,1170.8334,1126.3334,6.0,1169.0,1126.0,1173.0,1128.0
5693,0,5694,0,Plaques,1.0,0.0,1184.7273,1128.2273,22.0,1183.0,1126.0,1188.0,1132.0
5694,0,5695,0,Plaques,1.0,0.0,1236.5,1126.5,4.0,1236.0,1126.0,1238.0,1128.0
5695,0,5696,0,Plaques,1.0,0.0,1348.5,1126.5,4.0,1348.0,1126.0,1350.0,1128.0
5696,0,5697,0,Plaques,1.0,0.0,1475.8462,1128.1923,26.0,1472.0,1126.0,1481.0,1132.0
5697,0,5698,0,Plaques,1.0,0.0,1486.8,1127.0,10.0,1485.0,1126.0,1489.0,1129.0
5698,0,5699,0,Plaques,1.0,0.0,1504.0667,1127.7333,15.0,1502.0,1126.0,1507.0,1130.0
5699,0,5700,0,Plaques,1.0,0.0,1542.0,1127.5,8.0,1541.0,1126.0,1544.0,1130.0
5700,0,5701,0,Plaques,1.0,0.0,1557.8334,1126.8334,6.0,1557.0,1126.0,1560.0,1129.0
5701,0,5702,0,Plaques,1.0,0.0,302.66666,1128.6666,9.0,302.0,1127.0,305.0,1131.0
5702,0,5703,0,Plaques,1.0,0.0,1254.625,1128.75,16.0,1252.0,1127.0,1258.0,1132.0
5703,0,5704,0,Plaques,1.0,0.0,1361.125,1127.875,8.0,1360.0,1127.0,1363.0,1130.0
5704,0,5705,0,Plaques,1.0,0.0,1383.04,1128.56,25.0,1380.0,1127.0,1387.0,1132.0
5705,0,5706,0,Plaques,1.0,0.0,1316.5,1128.5,4.0,1316.0,1128.0,1318.0,1130.0
5706,0,5707,0,Plaques,1.0,0.0,1426.8889,1129.3334,9.0,1426.0,1128.0,1429.0,1132.0
5707,0,5708,0,Plaques,1.0,0.0,1262.9678,1132.1936,31.0,1261.0,1129.0,1267.0,1136.0
5708,0,5709,0,Plaques,1.0,0.0,1275.4706,1131.1765,17.0,1274.0,1129.0,1278.0,1135.0
5709,0,5710,0,Plaques,1.0,0.0,1295.6,1130.4,15.0,1294.0,1129.0,1298.0,1133.0
5710,0,5711,0,Plaques,1.0,0.0,1552.2,1130.0,10.0,1551.0,1129.0,1555.0,1132.0
5711,0,5712,0,Plaques,1.0,0.0,1164.5,1130.5,4.0,1164.0,1130.0,1166.0,1132.0
5712,0,5713,0,Plaques,1.0,0.0,1215.55,1131.35,20.0,1213.0,1130.0,1220.0,1134.0
5713,0,5714,0,Plaques,1.0,0.0,1231.0,1130.5,6.0,1230.0,1130.0,1233.0,1132.0
5714,0,5715,0,Plaques,1.0,0.0,1307.625,1131.25,8.0,1306.0,1130.0,1310.0,1133.0
5715,0,5716,0,Plaques,1.0,0.0,1457.2667,1134.289,45.0,1453.0,1130.0,1462.0,1139.0
5716,0,5717,0,Plaques,1.0,0.0,1103.4,1132.2,5.0,1103.0,1131.0,1105.0,1134.0
5717,0,5718,0,Plaques,1.0,0.0,1109.7826,1133.9131,23.0,1107.0,1131.0,1113.0,1139.0
5718,0,5719,0,Plaques,1.0,0.0,1143.4138,1134.5862,29.0,1141.0,1131.0,1147.0,1140.0
5719,0,5720,0,Plaques,1.0,0.0,1150.6,1131.8,5.0,1150.0,1131.0,1152.0,1134.0
5720,0,5721,0,Plaques,1.0,0.0,1168.6316,1133.3684,19.0,1167.0,1131.0,1172.0,1137.0
5721,0,5722,0,Plaques,1.0,0.0,1192.1666,1132.9445,18.0,1190.0,1131.0,1195.0,1136.0
5722,0,5723,0,Plaques,1.0,0.0,1202.6666,1132.1111,9.0,1201.0,1131.0,1205.0,1134.0
5723,0,5724,0,Plaques,1.0,0.0,1241.3,1132.7,10.0,1240.0,1131.0,1244.0,1135.0
5724,0,5725,0,Plaques,1.0,0.0,1117.1578,1133.5264,19.0,1115.0,1132.0,1121.0,1138.0
5725,0,5726,0,Plaques,1.0,0.0,1124.9412,1134.4706,17.0,1123.0,1132.0,1128.0,1137.0
5726,0,5727,0,Plaques,1.0,0.0,1156.5,1134.7778,18.0,1154.0,1132.0,1160.0,1138.0
5727,0,5728,0,Plaques,1.0,0.0,1222.5,1132.5,4.0,1222.0,1132.0,1224.0,1134.0
5728,0,5729,0,Plaques,1.0,0.0,1376.1428,1133.6428,14.0,1375.0,1132.0,1379.0,1137.0
5729,0,5730,0,Plaques,1.0,0.0,1405.25,1133.5,8.0,1404.0,1132.0,1408.0,1136.0
5730,0,5731,0,Plaques,1.0,0.0,1447.1904,1133.9524,21.0,1445.0,1132.0,1451.0,1138.0
5731,0,5732,0,Plaques,1.0,0.0,1467.1111,1133.3334,9.0,1466.0,1132.0,1469.0,1136.0
5732,0,5733,0,Plaques,1.0,0.0,1175.7646,1134.8235,17.0,1174.0,1133.0,1178.0,1138.0
5733,0,5734,0,Plaques,1.0,0.0,1530.5,1134.2858,14.0,1529.0,1133.0,1533.0,1137.0
5734,0,5735,0,Plaques,1.0,0.0,1396.2,1134.6,5.0,1395.0,1134.0,1398.0,1136.0
5735,0,5736,0,Plaques,1.0,0.0,1410.2,1134.6,5.0,1409.0,1134.0,1412.0,1136.0
5736,0,5737,0,Plaques,1.0,0.0,1493.875,1134.875,8.0,1493.0,1134.0,1496.0,1137.0
5737,0,5738,0,Plaques,1.0,0.0,1504.0,1135.0,9.0,1503.0,1134.0,1506.0,1137.0
5738,0,5739,0,Plaques,1.0,0.0,1513.2,1138.56,25.0,1510.0,1134.0,1517.0,1143.0
5739,0,5740,0,Plaques,1.0,0.0,1518.5,1134.5,4.0,1518.0,1134.0,1520.0,1136.0
5740,0,5741,0,Plaques,1.0,0.0,1556.875,1134.875,8.0,1556.0,1134.0,1559.0,1137.0
5741,0,5742,0,Plaques,1.0,0.0,1100.9756,1138.3903,41.0,1095.0,1135.0,1107.0,1142.0
5742,0,5743,0,Plaques,1.0,0.0,1150.1,1136.5,10.0,1148.0,1135.0,1153.0,1139.0
5743,0,5744,0,Plaques,1.0,0.0,1162.5,1136.0,8.0,1161.0,1135.0,1165.0,1138.0
5744,0,5745,0,Plaques,1.0,0.0,1269.8889,1136.3334,9.0,1269.0,1135.0,1272.0,1139.0
5745,0,5746,0,Plaques,1.0,0.0,1359.6666,1135.6666,3.0,1359.0,1135.0,1361.0,1137.0
5746,0,5747,0,Plaques,1.0,0.0,1539.5,1135.5,4.0,1539.0,1135.0,1541.0,1137.0
5747,0,5748,0,Plaques,1.0,0.0,1137.4615,1137.5385,13.0,1135.0,1136.0,1140.0,1140.0
5748,0,5749,0,Plaques,1.0,0.0,1313.0,1137.5,8.0,1312.0,1136.0,1315.0,1140.0
5749,0,5750,0,Plaques,1.0,0.0,1419.0,1137.5,8.0,1418.0,1136.0,1421.0,1140.0
5750,0,5751,0,Plaques,1.0,0.0,1439.5,1136.5,4.0,1439.0,1136.0,1441.0,1138.0
5751,0,5752,0,Plaques,1.0,0.0,1524.0,1136.5,6.0,1523.0,1136.0,1526.0,1138.0
5752,0,5753,0,Plaques,1.0,0.0,1170.4,1138.2,5.0,1170.0,1137.0,1172.0,1140.0
5753,0,5754,0,Plaques,1.0,0.0,1203.013,1144.3247,77.0,1196.0,1137.0,1213.0,1154.0
5754,0,5755,0,Plaques,1.0,0.0,1224.579,1138.8948,19.0,1223.0,1137.0,1227.0,1142.0
5755,0,5756,0,Plaques,1.0,0.0,1261.2667,1138.8,15.0,1259.0,1137.0,1265.0,1142.0
5756,0,5757,0,Plaques,1.0,0.0,1280.875,1137.875,8.0,1280.0,1137.0,1283.0,1140.0
5757,0,5758,0,Plaques,1.0,0.0,1302.4615,1139.5,26.0,1299.0,1137.0,1307.0,1143.0
5758,0,5759,0,Plaques,1.0,0.0,1081.75,1139.25,8.0,1081.0,1138.0,1084.0,1142.0
5759,0,5760,0,Plaques,1.0,0.0,1122.2285,1141.5428,35.0,1118.0,1138.0,1128.0,1145.0
5760,0,5761,0,Plaques,1.0,0.0,1242.8529,1141.0294,34.0,1240.0,1138.0,1247.0,1146.0
5761,0,5762,0,Plaques,1.0,0.0,1368.0,1138.7142,7.0,1367.0,1138.0,1370.0,1141.0
5762,0,5763,0,Plaques,1.0,0.0,1467.0,1139.0,7.0,1466.0,1138.0,1469.0,1141.0
5763,0,5764,0,Plaques,1.0,0.0,1492.6154,1139.6154,13.0,1491.0,1138.0,1495.0,1142.0
5764,0,5765,0,Plaques,1.0,0.0,1549.5,1138.5,4.0,1549.0,1138.0,1551.0,1140.0
5765,0,5766,0,Plaques,1.0,0.0,1188.0526,1141.921,38.0,1182.0,1139.0,1193.0,1146.0
5766,0,5767,0,Plaques,1.0,0.0,1277.3846,1142.0769,13.0,1276.0,1139.0,1279.0,1146.0
5767,0,5768,0,Plaques,1.0,0.0,1342.6111,1140.6666,18.0,1340.0,1139.0,1346.0,1143.0
5768,0,5769,0,Plaques,1.0,0.0,1351.7142,1140.0,7.0,1351.0,1139.0,1354.0,1142.0
5769,0,5770,0,Plaques,1.0,0.0,1357.7142,1140.0,7.0,1357.0,1139.0,1360.0,1142.0
5770,0,5771,0,Plaques,1.0,0.0,1452.0,1140.0,7.0,1451.0,1139.0,1454.0,1142.0
5771,0,5772,0,Plaques,1.0,0.0,337.5,1140.5,4.0,337.0,1140.0,339.0,1142.0
5772,0,5773,0,Plaques,1.0,0.0,1089.8125,1141.0,16.0,1087.0,1140.0,1093.0,1143.0
5773,0,5774,0,Plaques,1.0,0.0,1326.5625,1141.8125,16.0,1324.0,1140.0,1330.0,1145.0
5774,0,5775,0,Plaques,1.0,0.0,1521.091,1141.6364,11.0,1520.0,1140.0,1523.0,1144.0
5775,0,5776,0,Plaques,1.0,0.0,1111.8334,1141.8334,6.0,1111.0,1141.0,1114.0,1144.0
5776,0,5777,0,Plaques,1.0,0.0,1154.0,1142.2858,7.0,1153.0,1141.0,1156.0,1144.0
5777,0,5778,0,Plaques,1.0,0.0,1161.5,1143.8572,28.0,1157.0,1141.0,1166.0,1148.0
5778,0,5779,0,Plaques,1.0,0.0,1178.4546,1142.3636,11.0,1177.0,1141.0,1181.0,1145.0
5779,0,5780,0,Plaques,1.0,0.0,1219.7,1142.3,10.0,1218.0,1141.0,1222.0,1145.0
5780,0,5781,0,Plaques,1.0,0.0,1285.125,1141.875,8.0,1284.0,1141.0,1287.0,1144.0
5781,0,5782,0,Plaques,1.0,0.0,1388.6207,1143.5172,29.0,1385.0,1141.0,1394.0,1147.0
5782,0,5783,0,Plaques,1.0,0.0,1443.0,1141.75,4.0,1442.0,1141.0,1445.0,1143.0
5783,0,5784,0,Plaques,1.0,0.0,1477.0,1142.0,9.0,1476.0,1141.0,1479.0,1144.0
5784,0,5785,0,Plaques,1.0,0.0,1136.3846,1143.3846,13.0,1135.0,1142.0,1139.0,1146.0
5785,0,5786,0,Plaques,1.0,0.0,1146.881,1147.762,42.0,1142.0,1142.0,1152.0,1153.0
5786,0,5787,0,Plaques,1.0,0.0,1436.7142,1143.0,7.0,1436.0,1142.0,1439.0,1145.0
5787,0,5788,0,Plaques,1.0,0.0,1448.75,1144.3125,16.0,1447.0,1142.0,1452.0,1147.0
5788,0,5789,0,Plaques,1.0,0.0,1035.5714,1144.2858,7.0,1035.0,1143.0,1037.0,1147.0
5789,0,5790,0,Plaques,1.0,0.0,1231.3846,1144.3846,13.0,1230.0,1143.0,1234.0,1147.0
5790,0,5791,0,Plaques,1.0,0.0,1296.6111,1144.6666,18.0,1295.0,1143.0,1300.0,1148.0
5791,0,5792,0,Plaques,1.0,0.0,1373.5,1143.5,4.0,1373.0,1143.0,1375.0,1145.0
5792,0,5793,0,Plaques,1.0,0.0,1382.875,1143.875,8.0,1382.0,1143.0,1385.0,1146.0
5793,0,5794,0,Plaques,1.0,0.0,1457.4166,1144.75,12.0,1456.0,1143.0,1460.0,1147.0
5794,0,5795,0,Plaques,1.0,0.0,1319.2,1145.0,10.0,1318.0,1144.0,1322.0,1147.0
5795,0,5796,0,Plaques,1.0,0.0,1364.5,1145.0,8.0,1363.0,1144.0,1367.0,1147.0
5796,0,5797,0,Plaques,1.0,0.0,1087.1052,1146.7368,19.0,1084.0,1145.0,1091.0,1149.0
5797,0,5798,0,Plaques,1.0,0.0,1259.0,1145.75,4.0,1258.0,1145.0,1261.0,1147.0
5798,0,5799,0,Plaques,1.0,0.0,1290.5333,1147.1333,15.0,1289.0,1145.0,1293.0,1150.0
5799,0,5800,0,Plaques,1.0,0.0,1441.5714,1146.7142,7.0,1441.0,1145.0,1443.0,1149.0
5800,0,5801,0,Plaques,1.0,0.0,1478.125,1146.125,8.0,1477.0,1145.0,1480.0,1148.0
5801,0,5802,0,Plaques,1.0,0.0,1250.6029,1150.4265,68.0,1245.0,1146.0,1258.0,1159.0
5802,0,5803,0,Plaques,1.0,0.0,1262.6666,1146.3334,3.0,1262.0,1146.0,1264.0,1148.0
5803,0,5804,0,Plaques,1.0,0.0,1282.7142,1147.6428,14.0,1281.0,1146.0,1285.0,1150.0
5804,0,5805,0,Plaques,1.0,0.0,1539.1666,1147.1666,6.0,1538.0,1146.0,1541.0,1149.0
5805,0,5806,0,Plaques,1.0,0.0,1155.875,1147.875,8.0,1155.0,1147.0,1158.0,1150.0
5806,0,5807,0,Plaques,1.0,0.0,1181.3414,1152.0975,41.0,1177.0,1147.0,1187.0,1157.0
5807,0,5808,0,Plaques,1.0,0.0,1186.0,1148.5,8.0,1185.0,1147.0,1188.0,1151.0
5808,0,5809,0,Plaques,1.0,0.0,1191.75,1149.0834,12.0,1191.0,1147.0,1194.0,1152.0
5809,0,5810,0,Plaques,1.0,0.0,1271.6923,1149.6923,13.0,1270.0,1147.0,1274.0,1152.0
5810,0,5811,0,Plaques,1.0,0.0,1352.3889,1150.0,18.0,1351.0,1147.0,1355.0,1154.0
5811,0,5812,0,Plaques,1.0,0.0,1396.5,1147.5,4.0,1396.0,1147.0,1398.0,1149.0
5812,0,5813,0,Plaques,1.0,0.0,1419.4,1147.8,5.0,1419.0,1147.0,1421.0,1150.0
5813,0,5814,0,Plaques,1.0,0.0,1489.3334,1147.6666,3.0,1489.0,1147.0,1491.0,1149.0
5814,0,5815,0,Plaques,1.0,0.0,1313.4667,1149.4,15.0,1311.0,1148.0,1317.0,1152.0
5815,0,5816,0,Plaques,1.0,0.0,201.0,1150.2858,7.0,200.0,1149.0,203.0,1152.0
5816,0,5817,0,Plaques,1.0,0.0,1126.8462,1150.4615,13.0,1125.0,1149.0,1129.0,1153.0
5817,0,5818,0,Plaques,1.0,0.0,1138.5,1149.5,4.0,1138.0,1149.0,1140.0,1151.0
5818,0,5819,0,Plaques,1.0,0.0,1391.238,1151.5238,21.0,1387.0,1149.0,1395.0,1154.0
5819,0,5820,0,Plaques,1.0,0.0,1411.0,1150.0,9.0,1410.0,1149.0,1413.0,1152.0
5820,0,5821,0,Plaques,1.0,0.0,206.5,1150.5,4.0,206.0,1150.0,208.0,1152.0
5821,0,5822,0,Plaques,1.0,0.0,1376.5,1150.5,4.0,1376.0,1150.0,1378.0,1152.0
5822,0,5823,0,Plaques,1.0,0.0,1438.5,1150.5,4.0,1438.0,1150.0,1440.0,1152.0
5823,0,5824,0,Plaques,1.0,0.0,1497.4166,1150.8334,12.0,1495.0,1150.0,1500.0,1153.0
5824,0,5825,0,Plaques,1.0,0.0,240.83333,1152.1666,6.0,240.0,1151.0,243.0,1154.0
5825,0,5826,0,Plaques,1.0,0.0,1066.5,1151.5,4.0,1066.0,1151.0,1068.0,1153.0
5826,0,5827,0,Plaques,1.0,0.0,1170.0,1152.2858,7.0,1169.0,1151.0,1172.0,1154.0
5827,0,5828,0,Plaques,1.0,0.0,1240.2354,1152.6471,17.0,1238.0,1151.0,1243.0,1156.0
5828,0,5829,0,Plaques,1.0,0.0,1416.4,1152.6,15.0,1415.0,1151.0,1419.0,1155.0
5829,0,5830,0,Plaques,1.0,0.0,1482.6,1152.2,5.0,1482.0,1151.0,1484.0,1154.0
5830,0,5831,0,Plaques,1.0,0.0,1515.2667,1153.5667,30.0,1511.0,1151.0,1520.0,1158.0
5831,0,5832,0,Plaques,1.0,0.0,1228.125,1153.125,8.0,1227.0,1152.0,1230.0,1155.0
5832,0,5833,0,Plaques,1.0,0.0,1235.2,1152.4,5.0,1234.0,1152.0,1237.0,1154.0
5833,0,5834,0,Plaques,1.0,0.0,1069.0,1154.5,10.0,1068.0,1153.0,1071.0,1157.0
5834,0,5835,0,Plaques,1.0,0.0,1102.0,1154.2858,7.0,1101.0,1153.0,1104.0,1156.0
5835,0,5836,0,Plaques,1.0,0.0,1191.4,1154.2,5.0,1191.0,1153.0,1193.0,1156.0
5836,0,5837,0,Plaques,1.0,0.0,1207.6666,1153.8889,9.0,1206.0,1153.0,1210.0,1156.0
5837,0,5838,0,Plaques,1.0,0.0,1220.125,1154.125,8.0,1219.0,1153.0,1222.0,1156.0
5838,0,5839,0,Plaques,1.0,0.0,1256.2,1154.0,10.0,1255.0,1153.0,1259.0,1156.0
5839,0,5840,0,Plaques,1.0,0.0,1360.4166,1154.25,12.0,1359.0,1153.0,1363.0,1157.0
5840,0,5841,0,Plaques,1.0,0.0,1461.1666,1154.1666,6.0,1460.0,1153.0,1463.0,1156.0
5841,0,5842,0,Plaques,1.0,0.0,1491.0,1154.0,5.0,1490.0,1153.0,1493.0,1156.0
5842,0,5843,0,Plaques,1.0,0.0,1135.875,1154.875,8.0,1135.0,1154.0,1138.0,1157.0
5843,0,5844,0,Plaques,1.0,0.0,1164.0667,1155.2667,15.0,1162.0,1154.0,1167.0,1158.0
5844,0,5845,0,Plaques,1.0,0.0,1407.5,1154.5,4.0,1407.0,1154.0,1409.0,1156.0
5845,0,5846,0,Plaques,1.0,0.0,1501.3334,1154.6666,3.0,1501.0,1154.0,1503.0,1156.0
5846,0,5847,0,Plaques,1.0,0.0,1522.3414,1157.7805,41.0,1517.0,1154.0,1528.0,1162.0
5847,0,5848,0,Plaques,1.0,0.0,1058.8462,1156.4615,13.0,1057.0,1155.0,1061.0,1159.0
5848,0,5849,0,Plaques,1.0,0.0,1150.5,1156.0,6.0,1150.0,1155.0,1152.0,1158.0
5849,0,5850,0,Plaques,1.0,0.0,1214.5,1156.5,16.0,1212.0,1155.0,1218.0,1159.0
5850,0,5851,0,Plaques,1.0,0.0,1341.591,1156.7273,22.0,1339.0,1155.0,1346.0,1159.0
5851,0,5852,0,Plaques,1.0,0.0,1365.5883,1156.3529,17.0,1363.0,1155.0,1369.0,1159.0
5852,0,5853,0,Plaques,1.0,0.0,1112.2059,1159.7059,34.0,1108.0,1156.0,1117.0,1165.0
5853,0,5854,0,Plaques,1.0,0.0,1142.6,1156.8,5.0,1142.0,1156.0,1144.0,1159.0
5854,0,5855,0,Plaques,1.0,0.0,1173.0,1158.125,16.0,1171.0,1156.0,1176.0,1161.0
5855,0,5856,0,Plaques,1.0,0.0,1330.0,1157.0,9.0,1329.0,1156.0,1332.0,1159.0
5856,0,5857,0,Plaques,1.0,0.0,1353.6364,1157.091,11.0,1352.0,1156.0,1356.0,1159.0
5857,0,5858,0,Plaques,1.0,0.0,1437.0,1156.7142,7.0,1436.0,1156.0,1439.0,1159.0
5858,0,5859,0,Plaques,1.0,0.0,1269.5,1157.5,4.0,1269.0,1157.0,1271.0,1159.0
5859,0,5860,0,Plaques,1.0,0.0,196.2,1158.4,5.0,195.0,1158.0,198.0,1160.0
5860,0,5861,0,Plaques,1.0,0.0,290.0,1159.0,9.0,289.0,1158.0,292.0,1161.0
5861,0,5862,0,Plaques,1.0,0.0,1198.7667,1160.5667,30.0,1194.0,1158.0,1204.0,1164.0
5862,0,5863,0,Plaques,1.0,0.0,1231.3636,1158.909,11.0,1230.0,1158.0,1234.0,1161.0
5863,0,5864,0,Plaques,1.0,0.0,1246.2307,1159.6154,13.0,1245.0,1158.0,1249.0,1162.0
5864,0,5865,0,Plaques,1.0,0.0,1259.125,1159.125,8.0,1258.0,1158.0,1261.0,1161.0
5865,0,5866,0,Plaques,1.0,0.0,1280.6552,1162.2069,29.0,1278.0,1158.0,1283.0,1169.0
5866,0,5867,0,Plaques,1.0,0.0,1287.5,1159.0,6.0,1287.0,1158.0,1289.0,1161.0
5867,0,5868,0,Plaques,1.0,0.0,1509.0,1158.7142,7.0,1508.0,1158.0,1511.0,1161.0
5868,0,5869,0,Plaques,1.0,0.0,1061.4,1160.2,5.0,1061.0,1159.0,1063.0,1162.0
5869,0,5870,0,Plaques,1.0,0.0,1126.2222,1160.6666,9.0,1125.0,1159.0,1128.0,1163.0
5870,0,5871,0,Plaques,1.0,0.0,1219.0,1160.0,5.0,1218.0,1159.0,1221.0,1162.0
5871,0,5872,0,Plaques,1.0,0.0,1265.6666,1159.3334,3.0,1265.0,1159.0,1267.0,1161.0
5872,0,5873,0,Plaques,1.0,0.0,1274.9333,1160.4,15.0,1273.0,1159.0,1278.0,1163.0
5873,0,5874,0,Plaques,1.0,0.0,1315.6666,1159.3334,3.0,1315.0,1159.0,1317.0,1161.0
5874,0,5875,0,Plaques,1.0,0.0,1139.5,1161.0,6.0,1139.0,1160.0,1141.0,1163.0
5875,0,5876,0,Plaques,1.0,0.0,1177.1923,1162.6154,26.0,1175.0,1160.0,1181.0,1167.0
5876,0,5877,0,Plaques,1.0,0.0,1190.875,1161.125,8.0,1190.0,1160.0,1193.0,1163.0
5877,0,5878,0,Plaques,1.0,0.0,1239.6666,1160.3334,3.0,1239.0,1160.0,1241.0,1162.0
5878,0,5879,0,Plaques,1.0,0.0,1299.6666,1161.1111,9.0,1298.0,1160.0,1302.0,1163.0
5879,0,5880,0,Plaques,1.0,0.0,1337.0,1161.5,8.0,1336.0,1160.0,1339.0,1164.0
5880,0,5881,0,Plaques,1.0,0.0,1068.2,1163.7142,35.0,1064.0,1161.0,1072.0,1170.0
5881,0,5882,0,Plaques,1.0,0.0,1292.9048,1163.0952,21.0,1291.0,1161.0,1296.0,1167.0
5882,0,5883,0,Plaques,1.0,0.0,1324.5,1162.7142,14.0,1323.0,1161.0,1327.0,1165.0
5883,0,5884,0,Plaques,1.0,0.0,1359.5,1161.8,10.0,1358.0,1161.0,1362.0,1164.0
5884,0,5885,0,Plaques,1.0,0.0,1491.0,1162.0,9.0,1490.0,1161.0,1493.0,1164.0
5885,0,5886,0,Plaques,1.0,0.0,1153.3793,1164.7931,29.0,1149.0,1162.0,1159.0,1168.0
5886,0,5887,0,Plaques,1.0,0.0,1373.3334,1162.8889,9.0,1372.0,1162.0,1376.0,1165.0
5887,0,5888,0,Plaques,1.0,0.0,1424.5,1162.5,4.0,1424.0,1162.0,1426.0,1164.0
5888,0,5889,0,Plaques,1.0,0.0,1464.0,1163.5,16.0,1462.0,1162.0,1467.0,1166.0
5889,0,5890,0,Plaques,1.0,0.0,1164.1714,1167.5428,35.0,1160.0,1163.0,1171.0,1174.0
5890,0,5891,0,Plaques,1.0,0.0,1230.75,1164.0,4.0,1230.0,1163.0,1232.0,1166.0
5891,0,5892,0,Plaques,1.0,0.0,1254.5,1163.5,4.0,1254.0,1163.0,1256.0,1165.0
5892,0,5893,0,Plaques,1.0,0.0,1312.5,1163.5,4.0,1312.0,1163.0,1314.0,1165.0
5893,0,5894,0,Plaques,1.0,0.0,1380.125,1165.3125,16.0,1378.0,1163.0,1383.0,1168.0
5894,0,5895,0,Plaques,1.0,0.0,1524.0,1164.0,9.0,1523.0,1163.0,1526.0,1166.0
5895,0,5896,0,Plaques,1.0,0.0,1212.4445,1166.3334,18.0,1210.0,1164.0,1215.0,1169.0
5896,0,5897,0,Plaques,1.0,0.0,1263.1111,1165.3334,9.0,1262.0,1164.0,1265.0,1168.0
5897,0,5898,0,Plaques,1.0,0.0,1411.7142,1165.0,7.0,1411.0,1164.0,1414.0,1167.0
5898,0,5899,0,Plaques,1.0,0.0,1274.6428,1167.3572,14.0,1273.0,1165.0,1277.0,1171.0
5899,0,5900,0,Plaques,1.0,0.0,1443.5,1165.5,4.0,1443.0,1165.0,1445.0,1167.0
5900,0,5901,0,Plaques,1.0,0.0,1220.6154,1167.2307,13.0,1219.0,1166.0,1223.0,1170.0
5901,0,5902,0,Plaques,1.0,0.0,1314.2858,1168.8572,21.0,1313.0,1166.0,1317.0,1173.0
5902,0,5903,0,Plaques,1.0,0.0,1479.5,1166.5,4.0,1479.0,1166.0,1481.0,1168.0
5903,0,5904,0,Plaques,1.0,0.0,1192.2424,1170.5454,33.0,1190.0,1167.0,1197.0,1175.0
5904,0,5905,0,Plaques,1.0,0.0,1236.0834,1169.1666,12.0,1235.0,1167.0,1238.0,1172.0
5905,0,5906,0,Plaques,1.0,0.0,1242.125,1168.125,8.0,1241.0,1167.0,1244.0,1170.0
5906,0,5907,0,Plaques,1.0,0.0,1449.2,1168.5,10.0,1448.0,1167.0,1451.0,1171.0
5907,0,5908,0,Plaques,1.0,0.0,1050.0,1170.3158,19.0,1047.0,1168.0,1054.0,1174.0
5908,0,5909,0,Plaques,1.0,0.0,1065.25,1169.625,8.0,1064.0,1168.0,1067.0,1172.0
5909,0,5910,0,Plaques,1.0,0.0,1268.3636,1169.4546,11.0,1267.0,1168.0,1271.0,1172.0
5910,0,5911,0,Plaques,1.0,0.0,1297.8,1169.5,10.0,1297.0,1168.0,1300.0,1172.0
5911,0,5912,0,Plaques,1.0,0.0,1342.25,1169.25,12.0,1340.0,1168.0,1345.0,1171.0
5912,0,5913,0,Plaques,1.0,0.0,1417.5,1168.5,4.0,1417.0,1168.0,1419.0,1170.0
5913,0,5914,0,Plaques,1.0,0.0,1125.8667,1171.0,15.0,1124.0,1169.0,1130.0,1173.0
5914,0,5915,0,Plaques,1.0,0.0,1207.04,1171.24,25.0,1205.0,1169.0,1210.0,1175.0
5915,0,5916,0,Plaques,1.0,0.0,1323.5,1169.5,4.0,1323.0,1169.0,1325.0,1171.0
5916,0,5917,0,Plaques,1.0,0.0,1332.0,1170.8,10.0,1331.0,1169.0,1334.0,1173.0
5917,0,5918,0,Plaques,1.0,0.0,1368.7273,1169.8182,11.0,1367.0,1169.0,1372.0,1172.0
5918,0,5919,0,Plaques,1.0,0.0,1456.0,1170.5,8.0,1455.0,1169.0,1458.0,1173.0
5919,0,5920,0,Plaques,1.0,0.0,1536.0,1169.0,3.0,1535.0,1169.0,1538.0,1170.0
5920,0,5921,0,Plaques,1.0,0.0,1092.5333,1171.7333,15.0,1091.0,1170.0,1096.0,1174.0
5921,0,5922,0,Plaques,1.0,0.0,1136.5,1171.0,4.0,1136.0,1170.0,1138.0,1173.0
5922,0,5923,0,Plaques,1.0,0.0,1356.6875,1171.1875,16.0,1355.0,1170.0,1360.0,1174.0
5923,0,5924,0,Plaques,1.0,0.0,1378.0834,1171.5834,12.0,1377.0,1170.0,1380.0,1175.0
5924,0,5925,0,Plaques,1.0,0.0,1402.5,1170.5,4.0,1402.0,1170.0,1404.0,1172.0
5925,0,5926,0,Plaques,1.0,0.0,1442.0,1170.5,6.0,1441.0,1170.0,1444.0,1172.0
5926,0,5927,0,Plaques,1.0,0.0,1462.5,1170.5,4.0,1462.0,1170.0,1464.0,1172.0
5927,0,5928,0,Plaques,1.0,0.0,1508.25,1171.3334,12.0,1507.0,1170.0,1511.0,1174.0
5928,0,5929,0,Plaques,1.0,0.0,1116.5,1171.5,4.0,1116.0,1171.0,1118.0,1173.0
5929,0,5930,0,Plaques,1.0,0.0,1231.5,1172.0,6.0,1231.0,1171.0,1233.0,1174.0
5930,0,5931,0,Plaques,1.0,0.0,1293.5,1171.5,4.0,1293.0,1171.0,1295.0,1173.0
5931,0,5932,0,Plaques,1.0,0.0,1389.5,1172.2,10.0,1388.0,1171.0,1392.0,1174.0
5932,0,5933,0,Plaques,1.0,0.0,1524.5,1172.35,20.0,1521.0,1171.0,1529.0,1175.0
5933,0,5934,0,Plaques,1.0,0.0,1202.0,1174.0,13.0,1201.0,1172.0,1204.0,1177.0
5934,0,5935,0,Plaques,1.0,0.0,1264.6364,1173.091,11.0,1263.0,1172.0,1267.0,1175.0
5935,0,5936,0,Plaques,1.0,0.0,1272.5,1173.5,10.0,1271.0,1172.0,1275.0,1176.0
5936,0,5937,0,Plaques,1.0,0.0,1303.8846,1174.2307,26.0,1301.0,1172.0,1308.0,1177.0
5937,0,5938,0,Plaques,1.0,0.0,1337.125,1173.125,8.0,1336.0,1172.0,1339.0,1175.0
5938,0,5939,0,Plaques,1.0,0.0,1070.8,1174.5,10.0,1070.0,1173.0,1073.0,1177.0
5939,0,5940,0,Plaques,1.0,0.0,1153.9412,1174.5883,17.0,1152.0,1173.0,1157.0,1177.0
5940,0,5941,0,Plaques,1.0,0.0,1172.5,1174.0,6.0,1172.0,1173.0,1174.0,1176.0
5941,0,5942,0,Plaques,1.0,0.0,1215.1818,1174.4546,11.0,1214.0,1173.0,1218.0,1177.0
5942,0,5943,0,Plaques,1.0,0.0,1321.8948,1175.2632,19.0,1319.0,1173.0,1325.0,1178.0
5943,0,5944,0,Plaques,1.0,0.0,1491.5,1173.5,4.0,1491.0,1173.0,1493.0,1175.0
5944,0,5945,0,Plaques,1.0,0.0,1065.5,1175.2,10.0,1064.0,1174.0,1068.0,1177.0
5945,0,5946,0,Plaques,1.0,0.0,1081.0,1175.75,12.0,1079.0,1174.0,1085.0,1178.0
5946,0,5947,0,Plaques,1.0,0.0,1182.3158,1177.0526,19.0,1181.0,1174.0,1185.0,1181.0
5947,0,5948,0,Plaques,1.0,0.0,1418.5,1175.0,6.0,1418.0,1174.0,1420.0,1177.0
5948,0,5949,0,Plaques,1.0,0.0,1144.421,1178.7894,19.0,1143.0,1175.0,1147.0,1183.0
5949,0,5950,0,Plaques,1.0,0.0,1162.0,1176.5,8.0,1161.0,1175.0,1164.0,1179.0
5950,0,5951,0,Plaques,1.0,0.0,1118.1111,1177.3334,9.0,1117.0,1176.0,1120.0,1180.0
5951,0,5952,0,Plaques,1.0,0.0,1135.3125,1177.375,16.0,1132.0,1176.0,1139.0,1180.0
5952,0,5953,0,Plaques,1.0,0.0,1227.0,1176.5,6.0,1226.0,1176.0,1229.0,1178.0
5953,0,5954,0,Plaques,1.0,0.0,1244.0,1176.7142,7.0,1243.0,1176.0,1246.0,1179.0
5954,0,5955,0,Plaques,1.0,0.0,1292.3334,1177.75,12.0,1291.0,1176.0,1295.0,1180.0
5955,0,5956,0,Plaques,1.0,0.0,1368.5,1177.2,10.0,1367.0,1176.0,1371.0,1179.0
5956,0,5957,0,Plaques,1.0,0.0,1045.0834,1180.25,24.0,1042.0,1177.0,1050.0,1184.0
5957,0,5958,0,Plaques,1.0,0.0,1151.6,1178.2,5.0,1151.0,1177.0,1153.0,1180.0
5958,0,5959,0,Plaques,1.0,0.0,1196.0,1178.0,11.0,1194.0,1177.0,1199.0,1180.0
5959,0,5960,0,Plaques,1.0,0.0,1234.2,1178.5,10.0,1233.0,1177.0,1236.0,1181.0
5960,0,5961,0,Plaques,1.0,0.0,1285.16,1180.0,25.0,1282.0,1177.0,1289.0,1185.0
5961,0,5962,0,Plaques,1.0,0.0,1310.1,1178.8,10.0,1309.0,1177.0,1312.0,1181.0
5962,0,5963,0,Plaques,1.0,0.0,1354.1,1180.2333,30.0,1350.0,1177.0,1359.0,1184.0
5963,0,5964,0,Plaques,1.0,0.0,1222.3636,1179.5454,11.0,1221.0,1178.0,1225.0,1182.0
5964,0,5965,0,Plaques,1.0,0.0,1277.1666,1178.8334,6.0,1276.0,1178.0,1279.0,1181.0
5965,0,5966,0,Plaques,1.0,0.0,1075.3684,1180.7368,19.0,1073.0,1179.0,1078.0,1184.0
5966,0,5967,0,Plaques,1.0,0.0,1100.5,1180.0,8.0,1099.0,1179.0,1103.0,1182.0
5967,0,5968,0,Plaques,1.0,0.0,1107.2858,1180.0,7.0,1106.0,1179.0,1109.0,1182.0
5968,0,5969,0,Plaques,1.0,0.0,1176.3636,1180.8182,11.0,1175.0,1179.0,1179.0,1183.0
5969,0,5970,0,Plaques,1.0,0.0,1208.5927,1181.9259,27.0,1206.0,1179.0,1212.0,1185.0
5970,0,5971,0,Plaques,1.0,0.0,1252.6,1179.8,5.0,1252.0,1179.0,1254.0,1182.0
5971,0,5972,0,Plaques,1.0,0.0,1271.125,1181.1666,24.0,1269.0,1179.0,1275.0,1184.0
5972,0,5973,0,Plaques,1.0,0.0,229.90909,1181.909,22.0,228.0,1180.0,233.0,1185.0
5973,0,5974,0,Plaques,1.0,0.0,1094.0,1181.0,13.0,1092.0,1180.0,1097.0,1183.0
5974,0,5975,0,Plaques,1.0,0.0,1164.1818,1181.8182,11.0,1163.0,1180.0,1167.0,1184.0
5975,0,5976,0,Plaques,1.0,0.0,1260.8,1181.5,10.0,1260.0,1180.0,1263.0,1184.0
5976,0,5977,0,Plaques,1.0,0.0,1298.1305,1182.7826,23.0,1296.0,1180.0,1301.0,1186.0
5977,0,5978,0,Plaques,1.0,0.0,1304.25,1181.25,4.0,1304.0,1180.0,1306.0,1183.0
5978,0,5979,0,Plaques,1.0,0.0,1406.3334,1180.3334,3.0,1406.0,1180.0,1408.0,1182.0
5979,0,5980,0,Plaques,1.0,0.0,1155.3636,1182.091,11.0,1154.0,1181.0,1158.0,1184.0
5980,0,5981,0,Plaques,1.0,0.0,1170.8695,1183.2174,23.0,1168.0,1181.0,1174.0,1187.0
5981,0,5982,0,Plaques,1.0,0.0,1187.6154,1182.6154,13.0,1186.0,1181.0,1190.0,1185.0
5982,0,5983,0,Plaques,1.0,0.0,1198.25,1182.375,8.0,1197.0,1181.0,1200.0,1185.0
5983,0,5984,0,Plaques,1.0,0.0,1318.5,1182.2,10.0,1317.0,1181.0,1321.0,1184.0
5984,0,5985,0,Plaques,1.0,0.0,1401.2142,1182.6428,14.0,1399.0,1181.0,1404.0,1185.0
5985,0,5986,0,Plaques,1.0,0.0,1416.7778,1183.0555,18.0,1415.0,1181.0,1420.0,1186.0
5986,0,5987,0,Plaques,1.0,0.0,1524.3636,1181.909,11.0,1523.0,1181.0,1527.0,1184.0
5987,0,5988,0,Plaques,1.0,0.0,1058.7222,1183.8334,18.0,1057.0,1182.0,1062.0,1187.0
5988,0,5989,0,Plaques,1.0,0.0,1217.5,1183.0,6.0,1217.0,1182.0,1219.0,1185.0
5989,0,5990,0,Plaques,1.0,0.0,1371.0,1183.0,9.0,1370.0,1182.0,1373.0,1185.0
5990,0,5991,0,Plaques,1.0,0.0,1429.8182,1183.5454,11.0,1428.0,1182.0,1432.0,1186.0
5991,0,5992,0,Plaques,1.0,0.0,1067.0,1184.0,7.0,1066.0,1183.0,1069.0,1186.0
5992,0,5993,0,Plaques,1.0,0.0,1118.8889,1184.6666,9.0,1118.0,1183.0,1121.0,1187.0
5993,0,5994,0,Plaques,1.0,0.0,1130.9445,1184.2222,18.0,1128.0,1183.0,1135.0,1187.0
5994,0,5995,0,Plaques,1.0,0.0,1179.7142,1184.0,7.0,1179.0,1183.0,1182.0,1186.0
5995,0,5996,0,Plaques,1.0,0.0,1456.25,1184.0,4.0,1456.0,1183.0,1458.0,1186.0
5996,0,5997,0,Plaques,1.0,0.0,1517.125,1184.125,8.0,1516.0,1183.0,1519.0,1186.0
5997,0,5998,0,Plaques,1.0,0.0,1052.5555,1184.8889,9.0,1051.0,1184.0,1055.0,1187.0
5998,0,5999,0,Plaques,1.0,0.0,1083.0,1186.75,20.0,1080.0,1184.0,1087.0,1190.0
5999,0,6000,0,Plaques,1.0,0.0,1089.6666,1185.1111,9.0,1088.0,1184.0,1092.0,1187.0
6000,0,6001,0,Plaques,1.0,0.0,1232.3334,1184.6666,3.0,1232.0,1184.0,1234.0,1186.0
6001,0,6002,0,Plaques,1.0,0.0,1266.3334,1185.0834,12.0,1265.0,1184.0,1269.0,1188.0
6002,0,6003,0,Plaques,1.0,0.0,1336.0968,1185.7742,31.0,1332.0,1184.0,1340.0,1190.0
6003,0,6004,0,Plaques,1.0,0.0,198.125,1186.125,8.0,197.0,1185.0,200.0,1188.0
6004,0,6005,0,Plaques,1.0,0.0,1196.8387,1188.3226,31.0,1193.0,1185.0,1201.0,1194.0
6005,0,6006,0,Plaques,1.0,0.0,1228.25,1187.3,20.0,1226.0,1185.0,1232.0,1191.0
6006,0,6007,0,Plaques,1.0,0.0,1239.125,1185.875,8.0,1238.0,1185.0,1241.0,1188.0
6007,0,6008,0,Plaques,1.0,0.0,1321.5186,1187.4445,27.0,1317.0,1185.0,1326.0,1190.0
6008,0,6009,0,Plaques,1.0,0.0,1391.4546,1186.3636,11.0,1390.0,1185.0,1394.0,1189.0
6009,0,6010,0,Plaques,1.0,0.0,1512.8572,1186.2858,7.0,1512.0,1185.0,1515.0,1188.0
6010,0,6011,0,Plaques,1.0,0.0,1046.4286,1188.25,28.0,1043.0,1186.0,1051.0,1192.0
6011,0,6012,0,Plaques,1.0,0.0,1072.0,1187.4546,11.0,1069.0,1186.0,1075.0,1189.0
6012,0,6013,0,Plaques,1.0,0.0,1109.25,1187.3334,12.0,1108.0,1186.0,1112.0,1190.0
6013,0,6014,0,Plaques,1.0,0.0,1157.091,1187.6364,11.0,1156.0,1186.0,1159.0,1190.0
6014,0,6015,0,Plaques,1.0,0.0,1288.0,1186.5,6.0,1287.0,1186.0,1290.0,1188.0
6015,0,6016,0,Plaques,1.0,0.0,1294.1904,1188.7142,21.0,1291.0,1186.0,1298.0,1192.0
6016,0,6017,0,Plaques,1.0,0.0,1312.1538,1187.6154,13.0,1310.0,1186.0,1315.0,1190.0
6017,0,6018,0,Plaques,1.0,0.0,144.16667,1187.8334,6.0,143.0,1187.0,146.0,1190.0
6018,0,6019,0,Plaques,1.0,0.0,1143.25,1189.75,28.0,1141.0,1187.0,1147.0,1193.0
6019,0,6020,0,Plaques,1.0,0.0,1254.6666,1187.3334,3.0,1254.0,1187.0,1256.0,1189.0
6020,0,6021,0,Plaques,1.0,0.0,1278.2616,1195.8616,65.0,1274.0,1187.0,1284.0,1205.0
6021,0,6022,0,Plaques,1.0,0.0,1462.4,1187.8,5.0,1462.0,1187.0,1464.0,1190.0
6022,0,6023,0,Plaques,1.0,0.0,1020.875,1189.125,8.0,1020.0,1188.0,1023.0,1191.0
6023,0,6024,0,Plaques,1.0,0.0,1303.6666,1188.8889,9.0,1302.0,1188.0,1306.0,1191.0
6024,0,6025,0,Plaques,1.0,0.0,1368.5,1188.5,4.0,1368.0,1188.0,1370.0,1190.0
6025,0,6026,0,Plaques,1.0,0.0,214.4762,1191.8572,21.0,212.0,1189.0,218.0,1196.0
6026,0,6027,0,Plaques,1.0,0.0,1012.0909,1190.3636,11.0,1011.0,1189.0,1014.0,1193.0
6027,0,6028,0,Plaques,1.0,0.0,1131.8889,1190.3334,9.0,1131.0,1189.0,1134.0,1193.0
6028,0,6029,0,Plaques,1.0,0.0,1173.238,1192.2858,42.0,1167.0,1189.0,1181.0,1196.0
6029,0,6030,0,Plaques,1.0,0.0,1209.5,1191.0,12.0,1208.0,1189.0,1212.0,1194.0
6030,0,6031,0,Plaques,1.0,0.0,1216.6562,1191.9062,32.0,1213.0,1189.0,1221.0,1196.0
6031,0,6032,0,Plaques,1.0,0.0,1250.3334,1189.6666,3.0,1250.0,1189.0,1252.0,1191.0
6032,0,6033,0,Plaques,1.0,0.0,1457.0,1190.0,5.0,1456.0,1189.0,1459.0,1192.0
6033,0,6034,0,Plaques,1.0,0.0,1025.1666,1190.8334,6.0,1024.0,1190.0,1027.0,1193.0
6034,0,6035,0,Plaques,1.0,0.0,1082.6875,1192.4375,16.0,1080.0,1190.0,1087.0,1195.0
6035,0,6036,0,Plaques,1.0,0.0,1411.5,1190.5,4.0,1411.0,1190.0,1413.0,1192.0
6036,0,6037,0,Plaques,1.0,0.0,1415.9412,1193.0,17.0,1414.0,1190.0,1418.0,1196.0
6037,0,6038,0,Plaques,1.0,0.0,1470.5,1190.5,4.0,1470.0,1190.0,1472.0,1192.0
6038,0,6039,0,Plaques,1.0,0.0,1042.6,1192.2,5.0,1042.0,1191.0,1044.0,1194.0
6039,0,6040,0,Plaques,1.0,0.0,1155.75,1192.0,4.0,1155.0,1191.0,1157.0,1194.0
6040,0,6041,0,Plaques,1.0,0.0,1204.3334,1191.6666,3.0,1204.0,1191.0,1206.0,1193.0
6041,0,6042,0,Plaques,1.0,0.0,1262.625,1193.7812,32.0,1258.0,1191.0,1267.0,1198.0
6042,0,6043,0,Plaques,1.0,0.0,1288.5,1191.5,4.0,1288.0,1191.0,1290.0,1193.0
6043,0,6044,0,Plaques,1.0,0.0,1373.5,1191.5,4.0,1373.0,1191.0,1375.0,1193.0
6044,0,6045,0,Plaques,1.0,0.0,1397.4667,1193.1333,15.0,1396.0,1191.0,1400.0,1196.0
6045,0,6046,0,Plaques,1.0,0.0,1192.5,1192.5,4.0,1192.0,1192.0,1194.0,1194.0
6046,0,6047,0,Plaques,1.0,0.0,1243.5,1193.5,14.0,1242.0,1192.0,1246.0,1196.0
6047,0,6048,0,Plaques,1.0,0.0,1253.5,1192.5,4.0,1253.0,1192.0,1255.0,1194.0
6048,0,6049,0,Plaques,1.0,0.0,1272.0,1192.25,4.0,1271.0,1192.0,1274.0,1194.0
6049,0,6050,0,Plaques,1.0,0.0,1299.5,1192.5,4.0,1299.0,1192.0,1301.0,1194.0
6050,0,6051,0,Plaques,1.0,0.0,1316.6471,1194.7941,34.0,1311.0,1192.0,1324.0,1199.0
6051,0,6052,0,Plaques,1.0,0.0,1437.1818,1193.4546,11.0,1436.0,1192.0,1440.0,1196.0
6052,0,6053,0,Plaques,1.0,0.0,1464.7142,1193.9048,21.0,1461.0,1192.0,1469.0,1196.0
6053,0,6054,0,Plaques,1.0,0.0,1513.5,1192.5,4.0,1513.0,1192.0,1515.0,1194.0
6054,0,6055,0,Plaques,1.0,0.0,1000.86487,1196.1082,37.0,995.0,1193.0,1007.0,1201.0
6055,0,6056,0,Plaques,1.0,0.0,1495.3846,1194.3846,13.0,1494.0,1193.0,1498.0,1197.0
6056,0,6057,0,Plaques,1.0,0.0,1284.3572,1196.2142,14.0,1283.0,1194.0,1287.0,1199.0
6057,0,6058,0,Plaques,1.0,0.0,1407.4,1196.6,20.0,1405.0,1194.0,1411.0,1200.0
6058,0,6059,0,Plaques,1.0,0.0,1454.3478,1196.6086,23.0,1451.0,1194.0,1458.0,1200.0
6059,0,6060,0,Plaques,1.0,0.0,1180.5834,1196.1666,12.0,1179.0,1195.0,1184.0,1198.0
6060,0,6061,0,Plaques,1.0,0.0,1196.5333,1197.3334,15.0,1195.0,1195.0,1199.0,1200.0
6061,0,6062,0,Plaques,1.0,0.0,1206.5769,1197.3462,26.0,1203.0,1195.0,1210.0,1202.0
6062,0,6063,0,Plaques,1.0,0.0,1308.5,1195.5,4.0,1308.0,1195.0,1310.0,1197.0
6063,0,6064,0,Plaques,1.0,0.0,1388.5,1195.5,4.0,1388.0,1195.0,1390.0,1197.0
6064,0,6065,0,Plaques,1.0,0.0,1431.2858,1196.0,7.0,1430.0,1195.0,1433.0,1198.0
6065,0,6066,0,Plaques,1.0,0.0,1041.4286,1199.9387,98.0,1032.0,1196.0,1053.0,1206.0
6066,0,6067,0,Plaques,1.0,0.0,1056.5,1197.5,12.0,1055.0,1196.0,1059.0,1200.0
6067,0,6068,0,Plaques,1.0,0.0,1062.6786,1198.7858,28.0,1060.0,1196.0,1066.0,1203.0
6068,0,6069,0,Plaques,1.0,0.0,1135.6562,1199.1875,32.0,1132.0,1196.0,1140.0,1204.0
6069,0,6070,0,Plaques,1.0,0.0,1293.9,1198.5333,30.0,1291.0,1196.0,1298.0,1202.0
6070,0,6071,0,Plaques,1.0,0.0,1012.3333,1197.6666,3.0,1012.0,1197.0,1014.0,1199.0
6071,0,6072,0,Plaques,1.0,0.0,1115.5,1197.5,4.0,1115.0,1197.0,1117.0,1199.0
6072,0,6073,0,Plaques,1.0,0.0,1302.5,1197.5,4.0,1302.0,1197.0,1304.0,1199.0
6073,0,6074,0,Plaques,1.0,0.0,1447.8,1197.6,5.0,1447.0,1197.0,1450.0,1199.0
6074,0,6075,0,Plaques,1.0,0.0,1123.4546,1199.6364,11.0,1122.0,1198.0,1126.0,1202.0
6075,0,6076,0,Plaques,1.0,0.0,1188.5,1198.5,4.0,1188.0,1198.0,1190.0,1200.0
6076,0,6077,0,Plaques,1.0,0.0,1228.5416,1200.9166,24.0,1226.0,1198.0,1232.0,1204.0
6077,0,6078,0,Plaques,1.0,0.0,1249.5,1201.15,20.0,1248.0,1198.0,1252.0,1206.0
6078,0,6079,0,Plaques,1.0,0.0,1397.5714,1199.7142,7.0,1397.0,1198.0,1399.0,1202.0
6079,0,6080,0,Plaques,1.0,0.0,206.5,1199.5,4.0,206.0,1199.0,208.0,1201.0
6080,0,6081,0,Plaques,1.0,0.0,1103.6,1200.6,15.0,1102.0,1199.0,1106.0,1203.0
6081,0,6082,0,Plaques,1.0,0.0,1214.3529,1201.1177,17.0,1212.0,1199.0,1218.0,1204.0
6082,0,6083,0,Plaques,1.0,0.0,1460.9584,1201.375,24.0,1458.0,1199.0,1464.0,1206.0
6083,0,6084,0,Plaques,1.0,0.0,1485.1666,1199.8334,6.0,1484.0,1199.0,1487.0,1202.0
6084,0,6085,0,Plaques,1.0,0.0,150.66667,1200.6666,3.0,150.0,1200.0,152.0,1202.0
6085,0,6086,0,Plaques,1.0,0.0,1142.5,1200.5,4.0,1142.0,1200.0,1144.0,1202.0
6086,0,6087,0,Plaques,1.0,0.0,1171.4375,1202.4375,48.0,1166.0,1200.0,1178.0,1206.0
6087,0,6088,0,Plaques,1.0,0.0,1379.8334,1200.8334,6.0,1379.0,1200.0,1382.0,1203.0
6088,0,6089,0,Plaques,1.0,0.0,1389.5,1201.0,12.0,1388.0,1200.0,1392.0,1203.0
6089,0,6090,0,Plaques,1.0,0.0,1430.7778,1201.9445,18.0,1429.0,1200.0,1434.0,1205.0
6090,0,6091,0,Plaques,1.0,0.0,1469.6154,1201.3846,13.0,1468.0,1200.0,1472.0,1204.0
6091,0,6092,0,Plaques,1.0,0.0,1082.0,1202.0,9.0,1080.0,1201.0,1085.0,1204.0
6092,0,6093,0,Plaques,1.0,0.0,1286.2,1202.5,10.0,1285.0,1201.0,1288.0,1205.0
6093,0,6094,0,Plaques,1.0,0.0,1339.5,1202.0,12.0,1338.0,1201.0,1342.0,1204.0
6094,0,6095,0,Plaques,1.0,0.0,1364.125,1202.125,8.0,1363.0,1201.0,1366.0,1204.0
6095,0,6096,0,Plaques,1.0,0.0,1403.35,1204.1,20.0,1401.0,1201.0,1407.0,1208.0
6096,0,6097,0,Plaques,1.0,0.0,1415.0,1202.0,9.0,1414.0,1201.0,1417.0,1204.0
6097,0,6098,0,Plaques,1.0,0.0,1422.6,1202.2,5.0,1422.0,1201.0,1424.0,1204.0
6098,0,6099,0,Plaques,1.0,0.0,1069.7142,1203.0,7.0,1069.0,1202.0,1072.0,1205.0
6099,0,6100,0,Plaques,1.0,0.0,1114.6666,1203.1111,9.0,1113.0,1202.0,1117.0,1205.0
6100,0,6101,0,Plaques,1.0,0.0,1240.4131,1206.8914,46.0,1235.0,1202.0,1246.0,1213.0
6101,0,6102,0,Plaques,1.0,0.0,1258.875,1203.125,8.0,1258.0,1202.0,1261.0,1205.0
6102,0,6103,0,Plaques,1.0,0.0,1303.1666,1202.8334,6.0,1302.0,1202.0,1305.0,1205.0
6103,0,6104,0,Plaques,1.0,0.0,1331.0,1202.5,6.0,1330.0,1202.0,1333.0,1204.0
6104,0,6105,0,Plaques,1.0,0.0,1350.7273,1203.2727,11.0,1349.0,1202.0,1354.0,1205.0
6105,0,6106,0,Plaques,1.0,0.0,1500.5714,1202.8572,7.0,1499.0,1202.0,1503.0,1205.0
6106,0,6107,0,Plaques,1.0,0.0,1055.0588,1207.4117,34.0,1053.0,1203.0,1059.0,1212.0
6107,0,6108,0,Plaques,1.0,0.0,1075.4,1203.8,5.0,1075.0,1203.0,1077.0,1206.0
6108,0,6109,0,Plaques,1.0,0.0,1100.5,1203.5,4.0,1100.0,1203.0,1102.0,1205.0
6109,0,6110,0,Plaques,1.0,0.0,1142.5,1204.0,6.0,1142.0,1203.0,1144.0,1206.0
6110,0,6111,0,Plaques,1.0,0.0,1438.0,1203.6923,13.0,1435.0,1203.0,1441.0,1206.0
6111,0,6112,0,Plaques,1.0,0.0,1088.8636,1206.409,22.0,1086.0,1204.0,1093.0,1210.0
6112,0,6113,0,Plaques,1.0,0.0,1119.2,1204.4,5.0,1118.0,1204.0,1121.0,1206.0
6113,0,6114,0,Plaques,1.0,0.0,1156.0,1205.7742,31.0,1149.0,1204.0,1162.0,1209.0
6114,0,6115,0,Plaques,1.0,0.0,1209.5,1204.5,4.0,1209.0,1204.0,1211.0,1206.0
6115,0,6116,0,Plaques,1.0,0.0,1222.5,1204.5,4.0,1222.0,1204.0,1224.0,1206.0
6116,0,6117,0,Plaques,1.0,0.0,1318.8334,1204.8334,6.0,1318.0,1204.0,1321.0,1207.0
6117,0,6118,0,Plaques,1.0,0.0,1011.4,1206.2,5.0,1011.0,1205.0,1013.0,1208.0
6118,0,6119,0,Plaques,1.0,0.0,1109.4166,1208.2916,24.0,1106.0,1205.0,1112.0,1213.0
6119,0,6120,0,Plaques,1.0,0.0,1134.5294,1207.4706,17.0,1133.0,1205.0,1137.0,1212.0
6120,0,6121,0,Plaques,1.0,0.0,1196.125,1206.125,8.0,1195.0,1205.0,1198.0,1208.0
6121,0,6122,0,Plaques,1.0,0.0,1265.6154,1206.6154,13.0,1264.0,1205.0,1268.0,1209.0
6122,0,6123,0,Plaques,1.0,0.0,1355.0,1205.5,4.0,1354.0,1205.0,1357.0,1207.0
6123,0,6124,0,Plaques,1.0,0.0,1063.2858,1207.0,7.0,1062.0,1206.0,1065.0,1209.0
6124,0,6125,0,Plaques,1.0,0.0,1080.3846,1208.1538,13.0,1078.0,1206.0,1084.0,1211.0
6125,0,6126,0,Plaques,1.0,0.0,1325.5,1206.5,4.0,1325.0,1206.0,1327.0,1208.0
6126,0,6127,0,Plaques,1.0,0.0,1015.6667,1207.6666,3.0,1015.0,1207.0,1017.0,1209.0
6127,0,6128,0,Plaques,1.0,0.0,1099.3889,1209.4166,36.0,1094.0,1207.0,1105.0,1214.0
6128,0,6129,0,Plaques,1.0,0.0,1125.6666,1207.8889,9.0,1124.0,1207.0,1128.0,1210.0
6129,0,6130,0,Plaques,1.0,0.0,1203.3871,1209.7742,31.0,1201.0,1207.0,1207.0,1214.0
6130,0,6131,0,Plaques,1.0,0.0,1212.091,1208.3636,11.0,1211.0,1207.0,1214.0,1211.0
6131,0,6132,0,Plaques,1.0,0.0,1217.125,1207.875,8.0,1216.0,1207.0,1219.0,1210.0
6132,0,6133,0,Plaques,1.0,0.0,1296.0,1207.5,6.0,1295.0,1207.0,1298.0,1209.0
6133,0,6134,0,Plaques,1.0,0.0,1301.4783,1211.0869,23.0,1300.0,1207.0,1305.0,1215.0
6134,0,6135,0,Plaques,1.0,0.0,1433.7142,1210.6428,28.0,1432.0,1207.0,1436.0,1216.0
6135,0,6136,0,Plaques,1.0,0.0,1366.0,1208.7142,7.0,1365.0,1208.0,1368.0,1211.0
6136,0,6137,0,Plaques,1.0,0.0,1443.0834,1209.8334,12.0,1442.0,1208.0,1445.0,1213.0
6137,0,6138,0,Plaques,1.0,0.0,1069.0714,1210.7142,14.0,1067.0,1209.0,1072.0,1213.0
6138,0,6139,0,Plaques,1.0,0.0,1149.0,1210.091,11.0,1147.0,1209.0,1152.0,1212.0
6139,0,6140,0,Plaques,1.0,0.0,1359.6666,1209.8889,9.0,1358.0,1209.0,1362.0,1212.0
6140,0,6141,0,Plaques,1.0,0.0,1079.8667,1214.4222,45.0,1074.0,1210.0,1087.0,1219.0
6141,0,6142,0,Plaques,1.0,0.0,1382.3334,1211.5555,9.0,1381.0,1210.0,1384.0,1214.0
6142,0,6143,0,Plaques,1.0,0.0,1047.5,1212.5,8.0,1047.0,1211.0,1049.0,1215.0
6143,0,6144,0,Plaques,1.0,0.0,1227.0,1211.7142,7.0,1226.0,1211.0,1229.0,1214.0
6144,0,6145,0,Plaques,1.0,0.0,1322.3334,1211.3334,3.0,1322.0,1211.0,1324.0,1213.0
6145,0,6146,0,Plaques,1.0,0.0,1349.44,1214.32,25.0,1347.0,1211.0,1353.0,1219.0
6146,0,6147,0,Plaques,1.0,0.0,1392.2,1212.5,10.0,1391.0,1211.0,1394.0,1215.0
6147,0,6148,0,Plaques,1.0,0.0,1418.5,1212.0,6.0,1418.0,1211.0,1420.0,1214.0
6148,0,6149,0,Plaques,1.0,0.0,1170.5,1212.5,4.0,1170.0,1212.0,1172.0,1214.0
6149,0,6150,0,Plaques,1.0,0.0,1186.2,1213.0,10.0,1185.0,1212.0,1189.0,1215.0
6150,0,6151,0,Plaques,1.0,0.0,1260.5,1213.0,8.0,1259.0,1212.0,1263.0,1215.0
6151,0,6152,0,Plaques,1.0,0.0,1269.9166,1213.3334,12.0,1268.0,1212.0,1272.0,1216.0
6152,0,6153,0,Plaques,1.0,0.0,1281.4814,1216.037,27.0,1279.0,1212.0,1286.0,1220.0
6153,0,6154,0,Plaques,1.0,0.0,1327.5,1213.5,6.0,1327.0,1212.0,1329.0,1216.0
6154,0,6155,0,Plaques,1.0,0.0,1405.6364,1212.909,11.0,1404.0,1212.0,1408.0,1215.0
6155,0,6156,0,Plaques,1.0,0.0,1485.4,1213.2,5.0,1485.0,1212.0,1487.0,1215.0
6156,0,6157,0,Plaques,1.0,0.0,1163.0,1214.2858,7.0,1162.0,1213.0,1165.0,1216.0
6157,0,6158,0,Plaques,1.0,0.0,1233.9412,1215.6471,17.0,1232.0,1213.0,1237.0,1219.0
6158,0,6159,0,Plaques,1.0,0.0,1291.0,1214.0,3.0,1291.0,1213.0,1292.0,1216.0
6159,0,6160,0,Plaques,1.0,0.0,1338.5,1213.5,4.0,1338.0,1213.0,1340.0,1215.0
6160,0,6161,0,Plaques,1.0,0.0,1447.3125,1214.8125,16.0,1445.0,1213.0,1450.0,1217.0
6161,0,6162,0,Plaques,1.0,0.0,1054.4166,1215.25,12.0,1053.0,1214.0,1057.0,1218.0
6162,0,6163,0,Plaques,1.0,0.0,1094.25,1215.125,8.0,1093.0,1214.0,1097.0,1217.0
6163,0,6164,0,Plaques,1.0,0.0,1252.5,1214.5,4.0,1252.0,1214.0,1254.0,1216.0
6164,0,6165,0,Plaques,1.0,0.0,1308.5,1214.5,4.0,1308.0,1214.0,1310.0,1216.0
6165,0,6166,0,Plaques,1.0,0.0,1321.5555,1214.6666,9.0,1320.0,1214.0,1324.0,1217.0
6166,0,6167,0,Plaques,1.0,0.0,1442.6666,1214.3334,3.0,1442.0,1214.0,1444.0,1216.0
6167,0,6168,0,Plaques,1.0,0.0,1043.5,1216.0,6.0,1043.0,1215.0,1045.0,1218.0
6168,0,6169,0,Plaques,1.0,0.0,1065.55,1216.65,20.0,1063.0,1215.0,1069.0,1220.0
6169,0,6170,0,Plaques,1.0,0.0,1155.8334,1216.1666,6.0,1155.0,1215.0,1158.0,1218.0
6170,0,6171,0,Plaques,1.0,0.0,1210.1111,1217.4445,18.0,1208.0,1215.0,1213.0,1220.0
6171,0,6172,0,Plaques,1.0,0.0,1102.8,1216.6,5.0,1102.0,1216.0,1105.0,1218.0
6172,0,6173,0,Plaques,1.0,0.0,1121.0635,1219.8254,63.0,1114.0,1216.0,1129.0,1226.0
6173,0,6174,0,Plaques,1.0,0.0,1138.3478,1217.6086,23.0,1135.0,1216.0,1142.0,1220.0
6174,0,6175,0,Plaques,1.0,0.0,1179.5,1216.5,4.0,1179.0,1216.0,1181.0,1218.0
6175,0,6176,0,Plaques,1.0,0.0,1241.3334,1217.75,12.0,1240.0,1216.0,1244.0,1220.0
6176,0,6177,0,Plaques,1.0,0.0,1287.65,1219.2,20.0,1286.0,1216.0,1290.0,1224.0
6177,0,6178,0,Plaques,1.0,0.0,1297.5,1216.5,4.0,1297.0,1216.0,1299.0,1218.0
6178,0,6179,0,Plaques,1.0,0.0,1222.8334,1218.1666,6.0,1222.0,1217.0,1225.0,1220.0
6179,0,6180,0,Plaques,1.0,0.0,1326.6842,1219.3158,19.0,1324.0,1217.0,1331.0,1222.0
6180,0,6181,0,Plaques,1.0,0.0,1355.5555,1219.2778,18.0,1353.0,1217.0,1359.0,1222.0
6181,0,6182,0,Plaques,1.0,0.0,1383.7,1219.4,20.0,1382.0,1217.0,1387.0,1223.0
6182,0,6183,0,Plaques,1.0,0.0,1480.0,1218.0,9.0,1479.0,1217.0,1482.0,1220.0
6183,0,6184,0,Plaques,1.0,0.0,1091.4375,1219.9375,16.0,1090.0,1218.0,1094.0,1223.0
6184,0,6185,0,Plaques,1.0,0.0,1309.8889,1219.6666,9.0,1309.0,1218.0,1312.0,1222.0
6185,0,6186,0,Plaques,1.0,0.0,1370.9131,1220.5652,23.0,1369.0,1218.0,1374.0,1225.0
6186,0,6187,0,Plaques,1.0,0.0,1440.5,1218.5,4.0,1440.0,1218.0,1442.0,1220.0
6187,0,6188,0,Plaques,1.0,0.0,1070.1818,1220.7273,11.0,1069.0,1219.0,1073.0,1223.0
6188,0,6189,0,Plaques,1.0,0.0,1181.5,1220.0,6.0,1181.0,1219.0,1183.0,1222.0
6189,0,6190,0,Plaques,1.0,0.0,1292.5,1220.0,6.0,1292.0,1219.0,1294.0,1222.0
6190,0,6191,0,Plaques,1.0,0.0,1318.6666,1219.3334,3.0,1318.0,1219.0,1320.0,1221.0
6191,0,6192,0,Plaques,1.0,0.0,1428.8914,1225.326,46.0,1426.0,1219.0,1433.0,1232.0
6192,0,6193,0,Plaques,1.0,0.0,1052.2667,1221.4,15.0,1050.0,1220.0,1056.0,1224.0
6193,0,6194,0,Plaques,1.0,0.0,1077.5,1220.5,4.0,1077.0,1220.0,1079.0,1222.0
6194,0,6195,0,Plaques,1.0,0.0,1232.6154,1221.6154,13.0,1231.0,1220.0,1235.0,1224.0
6195,0,6196,0,Plaques,1.0,0.0,1246.4,1220.8,5.0,1246.0,1220.0,1248.0,1223.0
6196,0,6197,0,Plaques,1.0,0.0,1275.4117,1221.8823,17.0,1274.0,1220.0,1278.0,1225.0
6197,0,6198,0,Plaques,1.0,0.0,1333.8889,1221.6666,9.0,1333.0,1220.0,1336.0,1224.0
6198,0,6199,0,Plaques,1.0,0.0,1442.5,1220.5,4.0,1442.0,1220.0,1444.0,1222.0
6199,0,6200,0,Plaques,1.0,0.0,1174.5,1221.5,4.0,1174.0,1221.0,1176.0,1223.0
6200,0,6201,0,Plaques,1.0,0.0,1186.5,1222.5,12.0,1185.0,1221.0,1189.0,1225.0
6201,0,6202,0,Plaques,1.0,0.0,1203.6364,1222.4546,11.0,1202.0,1221.0,1206.0,1225.0
6202,0,6203,0,Plaques,1.0,0.0,1215.5,1222.5,14.0,1214.0,1221.0,1218.0,1225.0
6203,0,6204,0,Plaques,1.0,0.0,1224.909,1222.3636,11.0,1224.0,1221.0,1227.0,1225.0
6204,0,6205,0,Plaques,1.0,0.0,1438.0,1221.7142,7.0,1437.0,1221.0,1440.0,1224.0
6205,0,6206,0,Plaques,1.0,0.0,1448.4,1221.8,5.0,1448.0,1221.0,1450.0,1224.0
6206,0,6207,0,Plaques,1.0,0.0,1477.125,1222.125,8.0,1476.0,1221.0,1479.0,1224.0
6207,0,6208,0,Plaques,1.0,0.0,1143.7391,1224.174,23.0,1140.0,1222.0,1148.0,1228.0
6208,0,6209,0,Plaques,1.0,0.0,1263.6471,1223.2354,17.0,1261.0,1222.0,1267.0,1226.0
6209,0,6210,0,Plaques,1.0,0.0,1348.8572,1224.8572,14.0,1347.0,1222.0,1352.0,1228.0
6210,0,6211,0,Plaques,1.0,0.0,1399.875,1223.125,8.0,1399.0,1222.0,1402.0,1225.0
6211,0,6212,0,Plaques,1.0,0.0,1409.3334,1222.6666,3.0,1409.0,1222.0,1411.0,1224.0
6212,0,6213,0,Plaques,1.0,0.0,1417.8125,1223.375,16.0,1416.0,1222.0,1421.0,1226.0
6213,0,6214,0,Plaques,1.0,0.0,1031.0,1223.0,3.0,1030.0,1223.0,1033.0,1224.0
6214,0,6215,0,Plaques,1.0,0.0,1066.0,1224.0,9.0,1065.0,1223.0,1068.0,1226.0
6215,0,6216,0,Plaques,1.0,0.0,1072.8628,1229.9803,51.0,1069.0,1223.0,1078.0,1236.0
6216,0,6217,0,Plaques,1.0,0.0,1085.75,1223.625,8.0,1084.0,1223.0,1088.0,1226.0
6217,0,6218,0,Plaques,1.0,0.0,1130.0,1224.2858,7.0,1129.0,1223.0,1132.0,1226.0
6218,0,6219,0,Plaques,1.0,0.0,1198.0,1224.2,10.0,1197.0,1223.0,1200.0,1227.0
6219,0,6220,0,Plaques,1.0,0.0,1341.0667,1224.6,15.0,1339.0,1223.0,1344.0,1227.0
6220,0,6221,0,Plaques,1.0,0.0,1355.25,1224.0,4.0,1355.0,1223.0,1357.0,1226.0
6221,0,6222,0,Plaques,1.0,0.0,1457.4706,1224.9412,17.0,1455.0,1223.0,1461.0,1228.0
6222,0,6223,0,Plaques,1.0,0.0,1098.2858,1225.0,7.0,1097.0,1224.0,1100.0,1227.0
6223,0,6224,0,Plaques,1.0,0.0,1105.92,1225.52,25.0,1102.0,1224.0,1110.0,1229.0
6224,0,6225,0,Plaques,1.0,0.0,1306.1143,1225.6285,35.0,1300.0,1224.0,1311.0,1229.0
6225,0,6226,0,Plaques,1.0,0.0,1319.0714,1226.3572,14.0,1317.0,1224.0,1322.0,1229.0
6226,0,6227,0,Plaques,1.0,0.0,1364.5,1225.5,12.0,1363.0,1224.0,1367.0,1228.0
6227,0,6228,0,Plaques,1.0,0.0,1377.5,1224.5,4.0,1377.0,1224.0,1379.0,1226.0
6228,0,6229,0,Plaques,1.0,0.0,1392.1765,1224.8823,17.0,1389.0,1224.0,1396.0,1227.0
6229,0,6230,0,Plaques,1.0,0.0,1039.0,1226.0,9.0,1038.0,1225.0,1041.0,1228.0
6230,0,6231,0,Plaques,1.0,0.0,1092.6666,1227.875,24.0,1089.0,1225.0,1097.0,1231.0
6231,0,6232,0,Plaques,1.0,0.0,1327.7174,1231.0652,46.0,1324.0,1225.0,1333.0,1236.0
6232,0,6233,0,Plaques,1.0,0.0,1451.4,1226.5,10.0,1450.0,1225.0,1454.0,1229.0
6233,0,6234,0,Plaques,1.0,0.0,1077.6,1227.2,5.0,1077.0,1226.0,1079.0,1229.0
6234,0,6235,0,Plaques,1.0,0.0,1136.4,1226.8,5.0,1136.0,1226.0,1138.0,1229.0
6235,0,6236,0,Plaques,1.0,0.0,1206.909,1227.6364,11.0,1206.0,1226.0,1209.0,1230.0
6236,0,6237,0,Plaques,1.0,0.0,1245.5,1226.5,4.0,1245.0,1226.0,1247.0,1228.0
6237,0,6238,0,Plaques,1.0,0.0,1289.0,1227.5,12.0,1288.0,1226.0,1291.0,1230.0
6238,0,6239,0,Plaques,1.0,0.0,1403.1025,1229.8975,39.0,1399.0,1226.0,1410.0,1236.0
6239,0,6240,0,Plaques,1.0,0.0,1257.6493,1230.8572,77.0,1249.0,1227.0,1265.0,1239.0
6240,0,6241,0,Plaques,1.0,0.0,1149.5,1228.5,4.0,1149.0,1228.0,1151.0,1230.0
6241,0,6242,0,Plaques,1.0,0.0,1165.04,1231.56,25.0,1163.0,1228.0,1168.0,1236.0
6242,0,6243,0,Plaques,1.0,0.0,1269.4286,1229.2858,7.0,1269.0,1228.0,1271.0,1232.0
6243,0,6244,0,Plaques,1.0,0.0,1439.5,1229.0,6.0,1439.0,1228.0,1441.0,1231.0
6244,0,6245,0,Plaques,1.0,0.0,1060.0,1229.5,4.0,1059.0,1229.0,1062.0,1231.0
6245,0,6246,0,Plaques,1.0,0.0,1129.9286,1232.238,42.0,1124.0,1229.0,1135.0,1237.0
6246,0,6247,0,Plaques,1.0,0.0,1276.875,1229.875,8.0,1276.0,1229.0,1279.0,1232.0
6247,0,6248,0,Plaques,1.0,0.0,1344.8334,1231.3334,12.0,1343.0,1229.0,1347.0,1234.0
6248,0,6249,0,Plaques,1.0,0.0,1379.0,1230.8182,11.0,1378.0,1229.0,1381.0,1234.0
6249,0,6250,0,Plaques,1.0,0.0,1152.1163,1232.3256,43.0,1146.0,1230.0,1159.0,1235.0
6250,0,6251,0,Plaques,1.0,0.0,1223.8,1231.7333,15.0,1222.0,1230.0,1227.0,1234.0
6251,0,6252,0,Plaques,1.0,0.0,1334.6666,1230.3334,3.0,1334.0,1230.0,1336.0,1232.0
6252,0,6253,0,Plaques,1.0,0.0,1468.25,1231.4375,16.0,1466.0,1230.0,1471.0,1234.0
6253,0,6254,0,Plaques,1.0,0.0,1066.0834,1235.1945,36.0,1062.0,1231.0,1071.0,1241.0
6254,0,6255,0,Plaques,1.0,0.0,1109.3914,1233.4783,23.0,1107.0,1231.0,1113.0,1239.0
6255,0,6256,0,Plaques,1.0,0.0,1246.8334,1232.1666,6.0,1246.0,1231.0,1249.0,1234.0
6256,0,6257,0,Plaques,1.0,0.0,1297.2,1232.1,10.0,1296.0,1231.0,1300.0,1234.0
6257,0,6258,0,Plaques,1.0,0.0,1365.1177,1232.4117,17.0,1363.0,1231.0,1368.0,1235.0
6258,0,6259,0,Plaques,1.0,0.0,1422.3043,1233.0435,23.0,1419.0,1231.0,1426.0,1236.0
6259,0,6260,0,Plaques,1.0,0.0,1455.2858,1232.0,7.0,1454.0,1231.0,1457.0,1234.0
6260,0,6261,0,Plaques,1.0,0.0,1081.875,1234.125,8.0,1081.0,1233.0,1084.0,1236.0
6261,0,6262,0,Plaques,1.0,0.0,1086.6666,1233.3334,3.0,1086.0,1233.0,1088.0,1235.0
6262,0,6263,0,Plaques,1.0,0.0,1273.6279,1242.4651,86.0,1263.0,1233.0,1282.0,1253.0
6263,0,6264,0,Plaques,1.0,0.0,1274.6,1234.2,5.0,1274.0,1233.0,1276.0,1236.0
6264,0,6265,0,Plaques,1.0,0.0,1287.1333,1234.5333,15.0,1285.0,1233.0,1290.0,1237.0
6265,0,6266,0,Plaques,1.0,0.0,1305.4736,1235.579,19.0,1304.0,1233.0,1308.0,1239.0
6266,0,6267,0,Plaques,1.0,0.0,1321.875,1233.875,8.0,1321.0,1233.0,1324.0,1236.0
6267,0,6268,0,Plaques,1.0,0.0,1339.4667,1234.8667,15.0,1338.0,1233.0,1342.0,1238.0
6268,0,6269,0,Plaques,1.0,0.0,1431.0,1234.2858,7.0,1430.0,1233.0,1433.0,1236.0
6269,0,6270,0,Plaques,1.0,0.0,1437.5,1233.5,4.0,1437.0,1233.0,1439.0,1235.0
6270,0,6271,0,Plaques,1.0,0.0,1450.2858,1234.0,7.0,1449.0,1233.0,1452.0,1236.0
6271,0,6272,0,Plaques,1.0,0.0,1091.8334,1235.75,12.0,1090.0,1234.0,1095.0,1238.0
6272,0,6273,0,Plaques,1.0,0.0,1385.0,1235.5,10.0,1384.0,1234.0,1387.0,1238.0
6273,0,6274,0,Plaques,1.0,0.0,1413.8889,1235.6666,9.0,1413.0,1234.0,1416.0,1238.0
6274,0,6275,0,Plaques,1.0,0.0,1292.6,1235.8,5.0,1292.0,1235.0,1294.0,1238.0
6275,0,6276,0,Plaques,1.0,0.0,1350.3529,1237.1765,17.0,1349.0,1235.0,1354.0,1240.0
6276,0,6277,0,Plaques,1.0,0.0,1056.875,1237.125,8.0,1056.0,1236.0,1059.0,1239.0
6277,0,6278,0,Plaques,1.0,0.0,1113.5,1238.7,20.0,1112.0,1236.0,1116.0,1242.0
6278,0,6279,0,Plaques,1.0,0.0,1236.9286,1237.2142,14.0,1235.0,1236.0,1240.0,1240.0
6279,0,6280,0,Plaques,1.0,0.0,1394.12,1238.4,25.0,1391.0,1236.0,1398.0,1241.0
6280,0,6281,0,Plaques,1.0,0.0,1316.9114,1245.7975,79.0,1310.0,1237.0,1324.0,1252.0
6281,0,6282,0,Plaques,1.0,0.0,1369.4828,1239.4482,29.0,1366.0,1237.0,1374.0,1243.0
6282,0,6283,0,Plaques,1.0,0.0,1425.1111,1238.9445,18.0,1423.0,1237.0,1428.0,1242.0
6283,0,6284,0,Plaques,1.0,0.0,1434.0,1237.75,4.0,1433.0,1237.0,1436.0,1239.0
6284,0,6285,0,Plaques,1.0,0.0,1468.0,1238.0,9.0,1467.0,1237.0,1470.0,1240.0
6285,0,6286,0,Plaques,1.0,0.0,1076.2142,1239.3572,14.0,1074.0,1238.0,1079.0,1242.0
6286,0,6287,0,Plaques,1.0,0.0,1096.44,1240.92,25.0,1093.0,1238.0,1100.0,1244.0
6287,0,6288,0,Plaques,1.0,0.0,1144.4762,1240.619,21.0,1143.0,1238.0,1147.0,1244.0
6288,0,6289,0,Plaques,1.0,0.0,1160.5,1238.5,4.0,1160.0,1238.0,1162.0,1240.0
6289,0,6290,0,Plaques,1.0,0.0,1184.5,1238.5,4.0,1184.0,1238.0,1186.0,1240.0
6290,0,6291,0,Plaques,1.0,0.0,1202.3636,1239.091,11.0,1201.0,1238.0,1205.0,1241.0
6291,0,6292,0,Plaques,1.0,0.0,1214.0,1240.125,16.0,1212.0,1238.0,1217.0,1243.0
6292,0,6293,0,Plaques,1.0,0.0,1243.0526,1240.7894,19.0,1241.0,1238.0,1246.0,1244.0
6293,0,6294,0,Plaques,1.0,0.0,1284.3846,1239.3846,13.0,1283.0,1238.0,1287.0,1242.0
6294,0,6295,0,Plaques,1.0,0.0,1309.9,1241.05,20.0,1308.0,1238.0,1312.0,1245.0
6295,0,6296,0,Plaques,1.0,0.0,1123.4546,1240.8182,11.0,1122.0,1239.0,1126.0,1243.0
6296,0,6297,0,Plaques,1.0,0.0,1139.0,1239.7142,7.0,1138.0,1239.0,1141.0,1242.0
6297,0,6298,0,Plaques,1.0,0.0,1156.9131,1241.9131,23.0,1154.0,1239.0,1161.0,1246.0
6298,0,6299,0,Plaques,1.0,0.0,1225.625,1241.875,24.0,1223.0,1239.0,1229.0,1246.0
6299,0,6300,0,Plaques,1.0,0.0,1290.2858,1240.0,7.0,1289.0,1239.0,1292.0,1242.0
6300,0,6301,0,Plaques,1.0,0.0,1401.5294,1240.4706,17.0,1399.0,1239.0,1405.0,1243.0
6301,0,6302,0,Plaques,1.0,0.0,1297.3889,1241.6666,18.0,1295.0,1240.0,1301.0,1244.0
6302,0,6303,0,Plaques,1.0,0.0,1326.579,1241.7894,19.0,1324.0,1240.0,1330.0,1245.0
6303,0,6304,0,Plaques,1.0,0.0,1083.5714,1242.8572,14.0,1082.0,1241.0,1087.0,1246.0
6304,0,6305,0,Plaques,1.0,0.0,1134.7632,1246.421,38.0,1132.0,1241.0,1138.0,1253.0
6305,0,6306,0,Plaques,1.0,0.0,1198.2963,1245.3704,27.0,1197.0,1241.0,1201.0,1250.0
6306,0,6307,0,Plaques,1.0,0.0,1414.0,1242.0,9.0,1413.0,1241.0,1416.0,1244.0
6307,0,6308,0,Plaques,1.0,0.0,1127.6666,1242.3334,3.0,1127.0,1242.0,1129.0,1244.0
6308,0,6309,0,Plaques,1.0,0.0,1252.9231,1243.6923,13.0,1251.0,1242.0,1256.0,1246.0
6309,0,6310,0,Plaques,1.0,0.0,1469.5,1242.5,4.0,1469.0,1242.0,1471.0,1244.0
6310,0,6311,0,Plaques,1.0,0.0,1071.5,1243.5,4.0,1071.0,1243.0,1073.0,1245.0
6311,0,6312,0,Plaques,1.0,0.0,1170.6428,1245.1786,28.0,1166.0,1243.0,1174.0,1249.0
6312,0,6313,0,Plaques,1.0,0.0,1232.7037,1245.5186,27.0,1230.0,1243.0,1236.0,1249.0
6313,0,6314,0,Plaques,1.0,0.0,1269.0,1244.0,9.0,1268.0,1243.0,1271.0,1246.0
6314,0,6315,0,Plaques,1.0,0.0,1282.1666,1243.8334,6.0,1281.0,1243.0,1284.0,1246.0
6315,0,6316,0,Plaques,1.0,0.0,1385.8889,1244.6666,9.0,1385.0,1243.0,1388.0,1247.0
6316,0,6317,0,Plaques,1.0,0.0,1112.9348,1246.826,46.0,1107.0,1244.0,1120.0,1251.0
6317,0,6318,0,Plaques,1.0,0.0,1203.6666,1244.3334,3.0,1203.0,1244.0,1205.0,1246.0
6318,0,6319,0,Plaques,1.0,0.0,1287.6666,1244.3334,3.0,1287.0,1244.0,1289.0,1246.0
6319,0,6320,0,Plaques,1.0,0.0,1333.2,1245.2667,15.0,1331.0,1244.0,1337.0,1248.0
6320,0,6321,0,Plaques,1.0,0.0,1365.2778,1248.4445,36.0,1362.0,1244.0,1369.0,1253.0
6321,0,6322,0,Plaques,1.0,0.0,1418.5,1244.5,4.0,1418.0,1244.0,1420.0,1246.0
6322,0,6323,0,Plaques,1.0,0.0,1209.5,1245.5,4.0,1209.0,1245.0,1211.0,1247.0
6323,0,6324,0,Plaques,1.0,0.0,1343.8334,1248.5834,24.0,1341.0,1245.0,1347.0,1252.0
6324,0,6325,0,Plaques,1.0,0.0,1404.0,1247.5625,16.0,1401.0,1245.0,1408.0,1251.0
6325,0,6326,0,Plaques,1.0,0.0,1440.2,1246.5,10.0,1439.0,1245.0,1442.0,1249.0
6326,0,6327,0,Plaques,1.0,0.0,1124.5,1246.5,4.0,1124.0,1246.0,1126.0,1248.0
6327,0,6328,0,Plaques,1.0,0.0,1093.5,1249.0454,44.0,1087.0,1247.0,1100.0,1253.0
6328,0,6329,0,Plaques,1.0,0.0,1143.9445,1248.7222,18.0,1141.0,1247.0,1147.0,1252.0
6329,0,6330,0,Plaques,1.0,0.0,1204.9166,1248.3334,12.0,1203.0,1247.0,1207.0,1251.0
6330,0,6331,0,Plaques,1.0,0.0,1247.125,1248.125,8.0,1246.0,1247.0,1249.0,1250.0
6331,0,6332,0,Plaques,1.0,0.0,1260.5,1247.6666,6.0,1259.0,1247.0,1263.0,1249.0
6332,0,6333,0,Plaques,1.0,0.0,1295.3077,1248.0,13.0,1293.0,1247.0,1298.0,1250.0
6333,0,6334,0,Plaques,1.0,0.0,1422.5,1247.5,4.0,1422.0,1247.0,1424.0,1249.0
6334,0,6335,0,Plaques,1.0,0.0,1329.6,1249.5,10.0,1328.0,1248.0,1332.0,1252.0
6335,0,6336,0,Plaques,1.0,0.0,1354.4286,1249.2858,7.0,1354.0,1248.0,1356.0,1252.0
6336,0,6337,0,Plaques,1.0,0.0,1121.125,1250.125,8.0,1120.0,1249.0,1123.0,1252.0
6337,0,6338,0,Plaques,1.0,0.0,1214.2,1250.5,10.0,1213.0,1249.0,1216.0,1253.0
6338,0,6339,0,Plaques,1.0,0.0,1324.6364,1250.2727,11.0,1323.0,1249.0,1327.0,1253.0
6339,0,6340,0,Plaques,1.0,0.0,1173.3214,1252.1786,28.0,1171.0,1250.0,1178.0,1256.0
6340,0,6341,0,Plaques,1.0,0.0,1337.1818,1251.8182,11.0,1336.0,1250.0,1340.0,1254.0
6341,0,6342,0,Plaques,1.0,0.0,1426.5,1252.4642,28.0,1424.0,1250.0,1431.0,1256.0
6342,0,6343,0,Plaques,1.0,0.0,1472.2858,1251.0,7.0,1471.0,1250.0,1474.0,1253.0
6343,0,6344,0,Plaques,1.0,0.0,1069.4,1251.8,5.0,1069.0,1251.0,1071.0,1254.0
6344,0,6345,0,Plaques,1.0,0.0,1105.1428,1256.625,56.0,1098.0,1251.0,1113.0,1262.0
6345,0,6346,0,Plaques,1.0,0.0,1151.3636,1252.091,11.0,1150.0,1251.0,1154.0,1254.0
6346,0,6347,0,Plaques,1.0,0.0,1183.0,1253.9333,30.0,1180.0,1251.0,1186.0,1260.0
6347,0,6348,0,Plaques,1.0,0.0,1240.8889,1253.5,18.0,1239.0,1251.0,1243.0,1258.0
6348,0,6349,0,Plaques,1.0,0.0,1295.4948,1260.4843,95.0,1289.0,1251.0,1306.0,1268.0
6349,0,6350,0,Plaques,1.0,0.0,1303.0,1252.2858,14.0,1301.0,1251.0,1306.0,1255.0
6350,0,6351,0,Plaques,1.0,0.0,1385.1052,1253.8422,19.0,1382.0,1251.0,1388.0,1257.0
6351,0,6352,0,Plaques,1.0,0.0,1157.2307,1254.7307,26.0,1155.0,1252.0,1161.0,1258.0
6352,0,6353,0,Plaques,1.0,0.0,1165.2667,1253.8667,30.0,1161.0,1252.0,1169.0,1258.0
6353,0,6354,0,Plaques,1.0,0.0,1189.6666,1252.3334,3.0,1189.0,1252.0,1191.0,1254.0
6354,0,6355,0,Plaques,1.0,0.0,1226.8096,1255.9048,42.0,1221.0,1252.0,1233.0,1260.0
6355,0,6356,0,Plaques,1.0,0.0,1256.4,1252.8,5.0,1256.0,1252.0,1258.0,1255.0
6356,0,6357,0,Plaques,1.0,0.0,1406.3334,1252.8889,9.0,1405.0,1252.0,1409.0,1255.0
6357,0,6358,0,Plaques,1.0,0.0,1080.8334,1254.5,12.0,1079.0,1253.0,1084.0,1257.0
6358,0,6359,0,Plaques,1.0,0.0,1317.0,1253.5,6.0,1316.0,1253.0,1319.0,1255.0
6359,0,6360,0,Plaques,1.0,0.0,1088.7693,1255.3846,13.0,1087.0,1254.0,1091.0,1258.0
6360,0,6361,0,Plaques,1.0,0.0,1124.619,1255.5714,21.0,1122.0,1254.0,1128.0,1258.0
6361,0,6362,0,Plaques,1.0,0.0,1198.0,1255.5,10.0,1197.0,1254.0,1200.0,1258.0
6362,0,6363,0,Plaques,1.0,0.0,1283.2667,1258.8,45.0,1281.0,1254.0,1288.0,1265.0
6363,0,6364,0,Plaques,1.0,0.0,1343.0,1255.0,9.0,1342.0,1254.0,1345.0,1257.0
6364,0,6365,0,Plaques,1.0,0.0,1361.909,1255.3636,11.0,1361.0,1254.0,1364.0,1258.0
6365,0,6366,0,Plaques,1.0,0.0,1065.5,1255.5,4.0,1065.0,1255.0,1067.0,1257.0
6366,0,6367,0,Plaques,1.0,0.0,1130.4286,1255.7142,7.0,1129.0,1255.0,1133.0,1258.0
6367,0,6368,0,Plaques,1.0,0.0,1400.3334,1255.3334,3.0,1400.0,1255.0,1402.0,1257.0
6368,0,6369,0,Plaques,1.0,0.0,1463.0,1256.0,5.0,1462.0,1255.0,1465.0,1258.0
6369,0,6370,0,Plaques,1.0,0.0,1354.625,1257.75,8.0,1354.0,1256.0,1357.0,1260.0
6370,0,6371,0,Plaques,1.0,0.0,1148.3334,1257.6666,3.0,1148.0,1257.0,1150.0,1259.0
6371,0,6372,0,Plaques,1.0,0.0,1158.8108,1263.1487,74.0,1151.0,1257.0,1167.0,1269.0
6372,0,6373,0,Plaques,1.0,0.0,1191.5,1257.5,4.0,1191.0,1257.0,1193.0,1259.0
6373,0,6374,0,Plaques,1.0,0.0,1204.8334,1257.8334,6.0,1204.0,1257.0,1207.0,1260.0
6374,0,6375,0,Plaques,1.0,0.0,1210.0,1258.0,9.0,1209.0,1257.0,1212.0,1260.0
6375,0,6376,0,Plaques,1.0,0.0,1237.0769,1259.8077,26.0,1235.0,1257.0,1240.0,1264.0
6376,0,6377,0,Plaques,1.0,0.0,1247.3636,1258.4546,11.0,1246.0,1257.0,1250.0,1261.0
6377,0,6378,0,Plaques,1.0,0.0,1273.2307,1258.2307,13.0,1272.0,1257.0,1276.0,1261.0
6378,0,6379,0,Plaques,1.0,0.0,1336.5,1257.5,4.0,1336.0,1257.0,1338.0,1259.0
6379,0,6380,0,Plaques,1.0,0.0,1173.5,1259.5,12.0,1172.0,1258.0,1176.0,1262.0
6380,0,6381,0,Plaques,1.0,0.0,1302.5,1258.5,4.0,1302.0,1258.0,1304.0,1260.0
6381,0,6382,0,Plaques,1.0,0.0,1372.5454,1259.3636,11.0,1371.0,1258.0,1375.0,1262.0
6382,0,6383,0,Plaques,1.0,0.0,1111.3,1261.1,20.0,1108.0,1259.0,1115.0,1264.0
6383,0,6384,0,Plaques,1.0,0.0,1134.6666,1259.9333,15.0,1132.0,1259.0,1138.0,1262.0
6384,0,6385,0,Plaques,1.0,0.0,1142.6666,1262.4445,27.0,1140.0,1259.0,1147.0,1266.0
6385,0,6386,0,Plaques,1.0,0.0,1179.9166,1260.3334,12.0,1178.0,1259.0,1182.0,1263.0
6386,0,6387,0,Plaques,1.0,0.0,1267.5,1260.0,10.0,1266.0,1259.0,1270.0,1262.0
6387,0,6388,0,Plaques,1.0,0.0,1407.1818,1260.2727,11.0,1406.0,1259.0,1410.0,1263.0
6388,0,6389,0,Plaques,1.0,0.0,1122.6595,1262.4043,47.0,1118.0,1260.0,1129.0,1267.0
6389,0,6390,0,Plaques,1.0,0.0,1221.5,1260.5,4.0,1221.0,1260.0,1223.0,1262.0
6390,0,6391,0,Plaques,1.0,0.0,1344.909,1261.6364,11.0,1344.0,1260.0,1347.0,1264.0
6391,0,6392,0,Plaques,1.0,0.0,1316.3334,1261.3334,3.0,1316.0,1261.0,1318.0,1263.0
6392,0,6393,0,Plaques,1.0,0.0,1412.8572,1261.9286,14.0,1411.0,1261.0,1416.0,1264.0
6393,0,6394,0,Plaques,1.0,0.0,1439.0,1262.2858,7.0,1438.0,1261.0,1441.0,1264.0
6394,0,6395,0,Plaques,1.0,0.0,1212.0,1262.5,6.0,1211.0,1262.0,1214.0,1264.0
6395,0,6396,0,Plaques,1.0,0.0,1332.2941,1264.5588,34.0,1329.0,1262.0,1337.0,1269.0
6396,0,6397,0,Plaques,1.0,0.0,1455.3334,1262.6666,3.0,1455.0,1262.0,1457.0,1264.0
6397,0,6398,0,Plaques,1.0,0.0,1081.5,1264.5,4.0,1081.0,1264.0,1083.0,1266.0
6398,0,6399,0,Plaques,1.0,0.0,1184.0,1264.8948,19.0,1181.0,1264.0,1188.0,1267.0
6399,0,6400,0,Plaques,1.0,0.0,1202.6957,1268.4565,46.0,1197.0,1264.0,1209.0,1274.0
6400,0,6401,0,Plaques,1.0,0.0,1220.8334,1265.1666,6.0,1220.0,1264.0,1223.0,1267.0
6401,0,6402,0,Plaques,1.0,0.0,1273.3334,1265.9166,12.0,1272.0,1264.0,1276.0,1268.0
6402,0,6403,0,Plaques,1.0,0.0,1378.2858,1265.0,7.0,1377.0,1264.0,1380.0,1267.0
6403,0,6404,0,Plaques,1.0,0.0,1136.0,1266.0,9.0,1135.0,1265.0,1138.0,1268.0
6404,0,6405,0,Plaques,1.0,0.0,1236.5416,1269.1875,48.0,1230.0,1265.0,1247.0,1272.0
6405,0,6406,0,Plaques,1.0,0.0,1251.75,1268.5938,32.0,1247.0,1265.0,1257.0,1272.0
6406,0,6407,0,Plaques,1.0,0.0,1257.7142,1266.0,7.0,1257.0,1265.0,1260.0,1268.0
6407,0,6408,0,Plaques,1.0,0.0,1371.8,1265.6,5.0,1371.0,1265.0,1374.0,1267.0
6408,0,6409,0,Plaques,1.0,0.0,1173.5,1267.5,12.0,1172.0,1266.0,1176.0,1270.0
6409,0,6410,0,Plaques,1.0,0.0,1311.5,1266.5,4.0,1311.0,1266.0,1313.0,1268.0
6410,0,6411,0,Plaques,1.0,0.0,1383.8,1267.2667,15.0,1382.0,1266.0,1387.0,1270.0
6411,0,6412,0,Plaques,1.0,0.0,1139.8,1267.6,5.0,1139.0,1267.0,1142.0,1269.0
6412,0,6413,0,Plaques,1.0,0.0,1148.7812,1269.5,32.0,1144.0,1267.0,1154.0,1272.0
6413,0,6414,0,Plaques,1.0,0.0,1193.8,1267.6,5.0,1193.0,1267.0,1196.0,1269.0
6414,0,6415,0,Plaques,1.0,0.0,1417.6666,1268.5555,9.0,1417.0,1267.0,1420.0,1271.0
6415,0,6416,0,Plaques,1.0,0.0,1304.0,1271.7142,7.0,1303.0,1271.0,1306.0,1274.0
6416,0,6417,0,Plaques,1.0,0.0,1398.3572,1272.1428,14.0,1394.0,1271.0,1402.0,1274.0
6417,0,6418,0,Plaques,1.0,0.0,1404.125,1272.125,8.0,1403.0,1271.0,1406.0,1274.0
6418,0,6419,0,Plaques,1.0,0.0,1311.05,1273.6,20.0,1308.0,1272.0,1316.0,1277.0
6419,0,6420,0,Plaques,1.0,0.0,1367.0,1272.7142,7.0,1366.0,1272.0,1369.0,1275.0
6420,0,6421,0,Plaques,1.0,0.0,1371.3334,1272.6666,3.0,1371.0,1272.0,1373.0,1274.0
6421,0,6422,0,Plaques,1.0,0.0,1212.7142,1274.0,7.0,1212.0,1273.0,1215.0,1276.0
6422,0,6423,0,Plaques,1.0,0.0,1278.5454,1274.3636,11.0,1277.0,1273.0,1281.0,1277.0
6423,0,6424,0,Plaques,1.0,0.0,1387.3572,1274.7858,14.0,1386.0,1273.0,1390.0,1278.0
6424,0,6425,0,Plaques,1.0,0.0,1414.5,1273.5,4.0,1414.0,1273.0,1416.0,1275.0
6425,0,6426,0,Plaques,1.0,0.0,1259.5,1274.5,4.0,1259.0,1274.0,1261.0,1276.0
6426,0,6427,0,Plaques,1.0,0.0,1188.6666,1275.3334,3.0,1188.0,1275.0,1190.0,1277.0
6427,0,6428,0,Plaques,1.0,0.0,1196.8334,1282.9722,72.0,1191.0,1275.0,1203.0,1292.0
6428,0,6429,0,Plaques,1.0,0.0,1334.0,1276.2,10.0,1333.0,1275.0,1336.0,1279.0
6429,0,6430,0,Plaques,1.0,0.0,1459.7142,1276.0,7.0,1459.0,1275.0,1462.0,1278.0
6430,0,6431,0,Plaques,1.0,0.0,1252.5,1276.5,4.0,1252.0,1276.0,1254.0,1278.0
6431,0,6432,0,Plaques,1.0,0.0,1157.3077,1278.0,13.0,1155.0,1277.0,1160.0,1280.0
6432,0,6433,0,Plaques,1.0,0.0,1302.5,1277.5,4.0,1302.0,1277.0,1304.0,1279.0
6433,0,6434,0,Plaques,1.0,0.0,1401.0,1278.6923,13.0,1398.0,1277.0,1404.0,1281.0
6434,0,6435,0,Plaques,1.0,0.0,1428.3334,1277.6666,3.0,1428.0,1277.0,1430.0,1279.0
6435,0,6436,0,Plaques,1.0,0.0,1351.0,1278.5,6.0,1350.0,1278.0,1353.0,1280.0
6436,0,6437,0,Plaques,1.0,0.0,1321.2858,1280.0,7.0,1320.0,1279.0,1323.0,1282.0
6437,0,6438,0,Plaques,1.0,0.0,1378.1111,1280.6666,9.0,1377.0,1279.0,1380.0,1283.0
6438,0,6439,0,Plaques,1.0,0.0,1413.762,1281.0,21.0,1411.0,1279.0,1419.0,1284.0
6439,0,6440,0,Plaques,1.0,0.0,1218.125,1282.5,16.0,1216.0,1280.0,1221.0,1285.0
6440,0,6441,0,Plaques,1.0,0.0,1384.1818,1284.5758,33.0,1380.0,1280.0,1389.0,1289.0
6441,0,6442,0,Plaques,1.0,0.0,1128.6666,1281.6666,3.0,1128.0,1281.0,1130.0,1283.0
6442,0,6443,0,Plaques,1.0,0.0,1248.1666,1281.8334,6.0,1247.0,1281.0,1250.0,1284.0
6443,0,6444,0,Plaques,1.0,0.0,1255.3636,1282.091,11.0,1254.0,1281.0,1258.0,1284.0
6444,0,6445,0,Plaques,1.0,0.0,1392.8182,1284.1818,11.0,1391.0,1283.0,1395.0,1287.0
6445,0,6446,0,Plaques,1.0,0.0,1211.3334,1285.1111,9.0,1210.0,1284.0,1214.0,1287.0
6446,0,6447,0,Plaques,1.0,0.0,1301.8889,1286.6666,9.0,1301.0,1285.0,1304.0,1289.0
6447,0,6448,0,Plaques,1.0,0.0,1358.0588,1287.0,17.0,1356.0,1285.0,1361.0,1290.0
6448,0,6449,0,Plaques,1.0,0.0,1417.5,1286.0,8.0,1416.0,1285.0,1420.0,1288.0
6449,0,6450,0,Plaques,1.0,0.0,1286.0,1287.8,10.0,1285.0,1286.0,1288.0,1290.0
6450,0,6451,0,Plaques,1.0,0.0,1184.8,1287.6,5.0,1184.0,1287.0,1187.0,1289.0
6451,0,6452,0,Plaques,1.0,0.0,1334.4615,1288.0769,13.0,1331.0,1287.0,1338.0,1291.0
6452,0,6453,0,Plaques,1.0,0.0,1225.5,1288.5,4.0,1225.0,1288.0,1227.0,1290.0
6453,0,6454,0,Plaques,1.0,0.0,1244.8667,1289.4,15.0,1243.0,1288.0,1248.0,1292.0
6454,0,6455,0,Plaques,1.0,0.0,1251.25,1289.0,4.0,1251.0,1288.0,1253.0,1291.0
6455,0,6456,0,Plaques,1.0,0.0,1317.421,1290.2632,19.0,1315.0,1288.0,1321.0,1293.0
6456,0,6457,0,Plaques,1.0,0.0,1342.5,1288.5,4.0,1342.0,1288.0,1344.0,1290.0
6457,0,6458,0,Plaques,1.0,0.0,1365.8,1289.0,10.0,1364.0,1288.0,1368.0,1291.0
6458,0,6459,0,Plaques,1.0,0.0,1406.4546,1289.8182,11.0,1405.0,1288.0,1409.0,1292.0
6459,0,6460,0,Plaques,1.0,0.0,1307.6666,1289.6666,3.0,1307.0,1289.0,1309.0,1291.0
6460,0,6461,0,Plaques,1.0,0.0,1392.0,1290.8422,19.0,1390.0,1289.0,1395.0,1294.0
6461,0,6462,0,Plaques,1.0,0.0,1412.6666,1289.3334,3.0,1412.0,1289.0,1414.0,1291.0
6462,0,6463,0,Plaques,1.0,0.0,1208.0,1292.0,9.0,1207.0,1291.0,1210.0,1294.0
6463,0,6464,0,Plaques,1.0,0.0,1328.0,1291.5,6.0,1327.0,1291.0,1330.0,1293.0
6464,0,6465,0,Plaques,1.0,0.0,1370.2,1292.6,5.0,1369.0,1292.0,1372.0,1294.0
6465,0,6466,0,Plaques,1.0,0.0,1382.6364,1293.5454,11.0,1381.0,1292.0,1385.0,1296.0
6466,0,6467,0,Plaques,1.0,0.0,1248.5,1293.5,4.0,1248.0,1293.0,1250.0,1295.0
6467,0,6468,0,Plaques,1.0,0.0,1348.5,1294.0,10.0,1347.0,1293.0,1351.0,1296.0
6468,0,6469,0,Plaques,1.0,0.0,1284.8,1294.4,5.0,1284.0,1294.0,1287.0,1296.0
6469,0,6470,0,Plaques,1.0,0.0,1294.0,1295.6666,9.0,1293.0,1294.0,1296.0,1298.0
6470,0,6471,0,Plaques,1.0,0.0,1218.3334,1295.6666,3.0,1218.0,1295.0,1220.0,1297.0
6471,0,6472,0,Plaques,1.0,0.0,1265.8,1295.6,5.0,1265.0,1295.0,1268.0,1297.0
6472,0,6473,0,Plaques,1.0,0.0,1200.0,1297.0,5.0,1199.0,1296.0,1202.0,1299.0
6473,0,6474,0,Plaques,1.0,0.0,1211.6666,1296.3334,3.0,1211.0,1296.0,1213.0,1298.0
6474,0,6475,0,Plaques,1.0,0.0,1311.2778,1298.2778,18.0,1309.0,1296.0,1315.0,1301.0
6475,0,6476,0,Plaques,1.0,0.0,1332.7142,1298.0,7.0,1332.0,1297.0,1335.0,1300.0
6476,0,6477,0,Plaques,1.0,0.0,1405.9333,1299.1333,15.0,1403.0,1297.0,1409.0,1302.0
6477,0,6478,0,Plaques,1.0,0.0,1272.5,1299.5,4.0,1272.0,1299.0,1274.0,1301.0
6478,0,6479,0,Plaques,1.0,0.0,1284.0,1300.0,5.0,1283.0,1299.0,1286.0,1302.0
6479,0,6480,0,Plaques,1.0,0.0,1288.3334,1299.6666,3.0,1288.0,1299.0,1290.0,1301.0
6480,0,6481,0,Plaques,1.0,0.0,1393.091,1300.3636,11.0,1392.0,1299.0,1395.0,1303.0
6481,0,6482,0,Plaques,1.0,0.0,1421.3572,1300.1428,14.0,1419.0,1299.0,1424.0,1303.0
6482,0,6483,0,Plaques,1.0,0.0,1341.2667,1301.4,15.0,1339.0,1300.0,1345.0,1304.0
6483,0,6484,0,Plaques,1.0,0.0,1386.5,1300.5,4.0,1386.0,1300.0,1388.0,1302.0
6484,0,6485,0,Plaques,1.0,0.0,1352.6666,1301.6666,3.0,1352.0,1301.0,1354.0,1303.0
6485,0,6486,0,Plaques,1.0,0.0,1372.875,1301.875,8.0,1372.0,1301.0,1375.0,1304.0
6486,0,6487,0,Plaques,1.0,0.0,1237.3334,1302.6666,3.0,1237.0,1302.0,1239.0,1304.0
6487,0,6488,0,Plaques,1.0,0.0,1315.5,1303.2,10.0,1314.0,1302.0,1318.0,1305.0
6488,0,6489,0,Plaques,1.0,0.0,1321.5,1304.5,4.0,1321.0,1304.0,1323.0,1306.0
6489,0,6490,0,Plaques,1.0,0.0,1364.0,1304.7142,7.0,1363.0,1304.0,1366.0,1307.0
6490,0,6491,0,Plaques,1.0,0.0,1333.6666,1306.0,9.0,1332.0,1305.0,1336.0,1308.0
6491,0,6492,0,Plaques,1.0,0.0,1305.1111,1308.6666,9.0,1304.0,1307.0,1307.0,1311.0
6492,0,6493,0,Plaques,1.0,0.0,1385.5,1308.0,6.0,1385.0,1307.0,1387.0,1310.0
6493,0,6494,0,Plaques,1.0,0.0,1405.6666,1308.3334,3.0,1405.0,1308.0,1407.0,1310.0
6494,0,6495,0,Plaques,1.0,0.0,1420.0,1309.5,6.0,1419.0,1309.0,1422.0,1311.0
6495,0,6496,0,Plaques,1.0,0.0,1396.5,1310.5,4.0,1396.0,1310.0,1398.0,1312.0
6496,0,6497,0,Plaques,1.0,0.0,1320.8,1311.6,5.0,1320.0,1311.0,1323.0,1313.0
6497,0,6498,0,Plaques,1.0,0.0,1377.6666,1313.6666,3.0,1377.0,1313.0,1379.0,1315.0
6498,0,6499,0,Plaques,1.0,0.0,1414.5,1314.5,4.0,1414.0,1314.0,1416.0,1316.0
6499,0,6500,0,Plaques,1.0,0.0,1424.6666,1314.3334,3.0,1424.0,1314.0,1426.0,1316.0
6500,0,6501,0,Plaques,1.0,0.0,1386.6666,1316.3334,3.0,1386.0,1316.0,1388.0,1318.0
6501,0,6502,0,Plaques,1.0,0.0,1426.5,1316.5,4.0,1426.0,1316.0,1428.0,1318.0
6502,0,6503,0,Plaques,1.0,0.0,1422.5,1324.5,4.0,1422.0,1324.0,1424.0,1326.0
6503,0,6504,0,Plaques,1.0,0.0,1221.0,1333.0,5.0,1220.0,1332.0,1223.0,1335.0
6504,0,6505,0,Plaques,1.0,0.0,998.3333,1342.3334,3.0,998.0,1342.0,1000.0,1344.0
6505,0,6506,0,Plaques,1.0,0.0,1308.7931,1346.3448,29.0,1305.0,1344.0,1313.0,1350.0
6506,0,6507,0,Plaques,1.0,0.0,1344.8889,1348.6666,9.0,1344.0,1347.0,1347.0,1351.0
6507,0,6508,0,Plaques,1.0,0.0,992.5,1349.0,10.0,991.0,1348.0,995.0,1351.0
6508,0,6509,0,Plaques,1.0,0.0,1330.6666,1348.6666,3.0,1330.0,1348.0,1332.0,1350.0
6509,0,6510,0,Plaques,1.0,0.0,1355.1666,1349.8334,6.0,1354.0,1349.0,1357.0,1352.0
6510,0,6511,0,Plaques,1.0,0.0,1363.1765,1350.7059,17.0,1360.0,1349.0,1368.0,1353.0
6511,0,6512,0,Plaques,1.0,0.0,979.5,1351.0,6.0,979.0,1350.0,981.0,1353.0
